"SEASON" "PLAYER" "AGE" "GP" "W" "L" "MIN" "PTS" "FGM" "FGA" "FGP" "TPM" "TPA" "TPP" "FTM" "FTA" "FTP" "OREB" "DREB" "REB" "AST" "TOV" "STL" "BLK" "PF" "DD2" "TD3" "PLUSMINUS"
"1" 2016 "Russell Westbrook" 28 63 35 28 34.8 31.7 10.2 24.2 41.9 2.3 6.8 33.7 9 10.8 83.9 1.8 8.9 10.6 10 5.5 1.6 0.4 2.4 47 30 2.8
"2" 2016 "Isaiah Thomas" 28 60 39 21 34.3 29.5 9.1 19.9 46 3.2 8.5 38.3 8 8.8 90.8 0.6 2.2 2.7 6.2 2.7 0.9 0.1 2.2 5 0 2.6
"3" 2016 "James Harden" 27 64 44 20 36.5 29 8.2 18.6 44.3 3.3 9.1 36 9.3 10.9 85 1.1 6.8 7.9 11.3 5.8 1.5 0.5 2.6 50 15 5.7
"4" 2016 "Anthony Davis" 23 60 23 37 36.4 28.1 10.2 20.4 50 0.5 1.7 30.1 7.2 9 80 2.3 9.5 11.8 2.2 2.6 1.2 2.3 2.4 38 0 -1
"5" 2016 "DeMar DeRozan" 27 56 34 22 35.5 27.6 9.8 21 46.7 0.4 1.6 27.6 7.5 8.9 84.9 1 4.5 5.4 3.7 2.4 1.1 0.2 1.9 4 0 1.8
"6" 2016 "DeMarcus Cousins" 26 61 24 37 34.3 27.2 9 19.9 45.1 1.7 4.8 34.9 7.5 9.7 77.5 2.1 8.8 11 4.7 3.8 1.4 1.3 3.8 39 2 -1
"7" 2016 "Kawhi Leonard" 25 57 45 12 33.7 26.3 8.8 18 48.7 2 5.2 38.5 6.8 7.6 89.6 1.2 4.8 6 3.4 2 1.9 0.7 1.6 8 0 6.5
"8" 2016 "Damian Lillard" 26 56 24 32 36 26 8.6 19.5 43.9 2.6 7.3 35.4 6.3 7 89.6 0.7 4.4 5 5.9 2.7 0.7 0.3 2.2 10 0 -0.5
"9" 2016 "LeBron James" 32 57 42 15 37.6 26 9.7 18 53.8 1.8 4.5 39.8 4.8 7 68.3 1.2 6.9 8.2 8.8 4.2 1.3 0.6 1.8 31 7 7.1
"10" 2016 "Kevin Durant" 28 59 49 10 33.6 25.3 8.9 16.7 53.7 1.9 5 37.8 5.5 6.3 87.6 0.6 7.6 8.2 4.8 2.3 1.1 1.6 1.9 21 1 11.1
"11" 2016 "Kyrie Irving" 24 55 38 17 35.2 25.1 9.3 19.8 47 2.4 6.3 39 4.1 4.5 90.8 0.7 2.6 3.3 5.9 2.7 1.3 0.3 2.1 8 0 5.3
"12" 2016 "Stephen Curry" 28 62 51 11 33.6 24.9 8.4 18.1 46.3 4 9.9 39.9 4.2 4.6 90.8 0.7 3.7 4.5 6.3 2.9 1.8 0.2 2.3 4 0 12.6
"13" 2016 "Karl-Anthony Towns" 21 62 25 37 36.7 24 9.3 17.7 52.6 1.1 3.2 34.5 4.3 5.2 82 3.7 8.6 12.3 2.9 2.7 0.7 1.4 3 47 1 0.4
"14" 2016 "Jimmy Butler" 27 57 30 27 36.8 23.9 7.3 16.4 44.6 1.2 3.4 33.8 8.1 9.3 87.2 1.7 4.6 6.2 5.1 2.1 1.9 0.3 1.6 9 1 2.6
"15" 2016 "CJ McCollum" 25 61 26 35 34.8 23.3 8.7 18.1 48.2 2.5 5.9 42 3.4 3.8 89.7 0.8 2.9 3.7 3.6 2.3 1 0.6 2.8 1 0 -0.6
"16" 2016 "Andrew Wiggins" 22 62 25 37 37.2 23.3 8.6 18.7 46 1.2 3.5 35 4.8 6.4 75.9 1.3 2.9 4.1 2.4 2.4 1 0.4 2.2 1 0 0.5
"17" 2016 "Carmelo Anthony" 32 62 25 37 34.4 23.2 8.4 19.2 43.8 2.1 5.8 36.7 4.2 5.1 83 0.9 5.2 6 2.9 2.1 0.9 0.5 2.7 6 0 -2.8
"18" 2016 "Giannis Antetokounmpo" 22 61 29 32 35.4 23.2 8.4 15.8 53 0.7 2.4 27.9 5.8 7.4 78.7 1.8 6.8 8.6 5.5 3 1.7 2 3.2 24 2 1.2
"19" 2016 "Kemba Walker" 26 62 28 34 34.6 23 8.1 17.9 45.1 2.9 7 40.6 4 4.7 84.6 0.6 3.5 4.1 5.5 2.3 1.2 0.3 1.6 6 0 2.4
"20" 2016 "Bradley Beal" 23 57 36 21 34.7 22.9 8.1 16.9 48.1 2.9 7.2 39.8 3.7 4.5 81.8 0.7 2.3 3 3.6 2 1.1 0.2 2.3 0 0 5.9
"21" 2016 "Kyle Lowry" 30 56 32 24 37.7 22.8 7.2 15.5 46.3 3.3 7.9 41.7 5.1 6.1 82.6 0.8 3.9 4.7 6.9 2.8 1.4 0.3 2.9 9 1 5.8
"22" 2016 "John Wall" 26 59 37 22 36.7 22.6 8.2 18.4 44.4 1.1 3.4 31.5 5.2 6.4 81.6 0.9 3.7 4.6 10.8 4.3 2 0.6 1.9 40 0 4.7
"23" 2016 "Paul George" 26 56 29 27 35.3 22.2 7.7 17.3 44.5 2.4 6.2 38.4 4.4 4.8 91.7 0.8 5.4 6.2 3.3 3 1.5 0.3 2.7 5 0 1.3
"24" 2016 "Gordon Hayward" 26 57 37 20 34.7 22.1 7.4 15.8 46.6 2 5.2 38.4 5.4 6.4 85.6 0.6 4.9 5.5 3.5 1.8 1 0.3 1.6 2 0 4.9
"25" 2016 "Blake Griffin" 27 43 27 16 33.9 22.1 8.1 16.6 48.7 0.4 1.3 30.9 5.6 7.4 75.5 2.1 6.4 8.5 5.1 2.4 1 0.5 2.6 16 1 5.7
"26" 2016 "Klay Thompson" 27 61 51 10 34.2 21.8 8 17.3 46.2 3.3 8 40.5 2.5 3 85.6 0.7 3 3.6 2.1 1.8 0.8 0.4 1.8 0 0 10.7
"27" 2016 "Eric Bledsoe" 27 62 21 41 33.2 21.2 6.9 15.6 43.9 1.5 4.6 33 6 7 84.9 0.8 4.1 4.9 6.4 3.3 1.4 0.5 2.5 8 1 -3.4
"28" 2016 "Devin Booker" 20 62 21 41 34.4 20.7 7.3 17.3 42.5 1.9 5 36.9 4.2 5.1 82.2 0.5 2.4 3 3.2 3 0.9 0.3 3.2 0 0 -2.4
"29" 2016 "Marc Gasol" 32 61 35 26 34.4 20.4 7.4 16 46.4 1.4 3.7 38.8 4.1 4.9 83.3 0.9 5.3 6.1 4.4 2.2 0.9 1.4 2.3 8 1 0.5
"30" 2016 "Brook Lopez" 28 57 11 46 29.6 20.4 7.3 15.4 47.1 1.7 5 33.8 4.1 5.1 81.6 1.5 3.6 5.1 2.5 2.4 0.5 1.7 2.6 2 0 -3.1
"31" 2016 "Joel Embiid" 22 31 13 18 25.4 20.2 6.5 13.8 46.6 1.2 3.2 36.7 6.2 7.9 78.3 2 5.9 7.8 2.1 3.8 0.9 2.5 3.6 9 0 2.2
"32" 2016 "Goran Dragic" 30 56 29 27 33.7 20.2 7.3 15.1 48.3 1.6 3.9 42.2 3.9 5 78.8 0.8 3 3.8 6 3 1.1 0.2 2.8 4 0 0
"33" 2016 "Jabari Parker" 21 51 22 29 33.9 20.1 7.8 16 49 1.3 3.5 36.5 3.2 4.3 74.3 1.5 4.6 6.2 2.8 1.8 1 0.4 2.2 2 0 -1.7
"34" 2016 "Harrison Barnes" 24 62 26 36 35.8 20.1 8 17 47.3 1 3 34.1 3 3.5 85.3 1.3 3.9 5.1 1.5 1.3 0.9 0.2 1.6 1 0 -0.7
"35" 2016 "Mike Conley" 29 52 28 24 33.1 20.1 6.6 14.5 45.3 2.4 5.8 41.4 4.6 5.4 84.1 0.5 3 3.6 6.2 2.2 1.3 0.3 1.8 5 0 2.2
"36" 2016 "Kevin Love" 28 46 33 13 31.9 20 6.3 14.8 42.9 2.6 6.7 38.4 4.7 5.4 87.6 2.5 8.6 11.1 1.9 2.1 0.9 0.3 1.8 32 0 7.3
"37" 2016 "Jordan Crawford" 28 1 0 1 20.4 19 8 15 53.3 3 7 42.9 0 0 0 0 1 1 3 0 2 0 1 0 0 8
"38" 2016 "Zach LaVine" 21 47 16 31 37.2 18.9 6.9 15.1 45.9 2.6 6.6 38.7 2.5 3 83.6 0.4 3 3.4 3 1.8 0.9 0.2 2.2 0 0 -2.5
"39" 2016 "Dwyane Wade" 35 53 26 27 30.5 18.9 7.1 16.4 43.3 0.8 2.5 32.8 3.9 4.9 79.2 1.1 3.5 4.6 3.9 2.2 1.5 0.7 1.9 2 0 -0.3
"40" 2016 "Rudy Gay" 30 30 11 19 33.8 18.7 6.7 14.7 45.5 1.4 3.8 37.2 3.9 4.6 85.5 1.2 5.2 6.3 2.8 2.5 1.5 0.9 2.6 4 0 2.3
"41" 2016 "Lou Williams" 30 64 23 41 24.1 18.3 5.5 12.6 43.9 2.2 5.6 38.2 5.1 5.8 88.3 0.3 1.9 2.2 3 2 1.1 0.2 1.2 0 0 0.7
"42" 2016 "Kristaps Porzingis" 21 54 23 31 32.8 18.2 6.6 14.9 44.8 1.8 4.8 37.2 3.1 3.9 79.5 1.7 5.5 7.2 1.3 1.7 0.7 1.9 3.8 10 0 -0.7
"43" 2016 "Paul Millsap" 32 60 34 26 34.2 18.1 6.3 14.2 44.1 1.1 3.6 31.8 4.4 5.8 76.1 1.7 6.3 7.9 3.7 2.2 1.4 0.9 2.7 17 0 1.7
"44" 2016 "Derrick Rose" 28 55 24 31 32.5 17.7 7.1 15.3 46 0.2 1.1 22.4 3.4 3.9 86.6 1 2.9 4 4.5 2.4 0.7 0.3 1.4 2 0 -2.3
"45" 2016 "Danilo Gallinari" 28 51 24 27 33.8 17.7 5.2 11.6 44.4 1.9 4.8 38.5 5.5 6.1 89.5 0.6 4.4 5 2.1 1.3 0.7 0.2 1.5 2 0 1.3
"46" 2016 "Chris Paul" 31 42 30 12 31.3 17.6 5.9 12.6 46.6 2 4.9 41.3 3.8 4.4 86.6 0.6 4.5 5.2 9.4 2.4 2.2 0.1 2.5 18 1 9
"47" 2016 "George Hill" 30 38 27 11 31.9 17.6 6 12.5 47.9 2 4.9 40.9 3.6 4.4 79.9 0.5 2.8 3.3 4.3 1.7 1 0.3 2.5 0 0 7.5
"48" 2016 "Dennis Schroder" 23 62 34 28 30.9 17.5 6.8 14.7 45.9 1.3 3.7 34.4 2.7 3.3 83.7 0.5 2.4 2.9 6.2 3 0.8 0.2 1.8 9 0 -1
"49" 2016 "LaMarcus Aldridge" 31 57 45 12 32.6 17.3 6.8 14.4 47.2 0.3 0.7 43.6 3.4 4.2 80.9 2.4 5.1 7.5 2.1 1.5 0.6 1.1 2.3 16 0 4.5
"50" 2016 "Avery Bradley" 26 40 24 16 33.6 17.1 6.8 14.4 47.3 2.1 5.1 40.9 1.3 1.8 72.6 1 5.4 6.4 2.3 1.7 1.3 0.2 2.7 9 0 0.5
"51" 2016 "Eric Gordon" 28 58 40 18 30.5 16.9 5.8 13.9 41.5 3.5 9.2 38.3 1.9 2.3 83.3 0.3 2.3 2.6 2.7 1.7 0.6 0.5 2 0 0 4.8
"52" 2016 "Evan Fournier" 24 51 18 33 33.3 16.8 6 13.7 43.4 1.7 5 34 3.2 4 80.3 0.7 2.5 3.2 3.3 2.2 0.9 0.1 2.8 1 0 -2.6
"53" 2016 "Hassan Whiteside" 27 59 28 31 32.8 16.6 6.9 12.5 55.4 0 0 0 2.7 4.6 59.5 3.6 10.5 14.1 0.7 2.1 0.8 2 2.9 42 0 0.2
"54" 2016 "Tobias Harris" 24 63 31 32 31.5 16.2 6.3 13 48.7 1.3 3.8 34.7 2.3 2.6 86.7 0.6 4.6 5.1 1.7 1.3 0.7 0.5 1.6 3 0 0.2
"55" 2016 "Victor Oladipo" 24 48 27 21 33.7 16.1 6.3 14 44.6 1.9 5.4 35.4 1.7 2.3 74.1 0.6 3.8 4.4 2.5 1.6 1.2 0.3 2.3 2 0 2
"56" 2016 "Jrue Holiday" 26 49 23 26 32.6 16.1 6.3 13.7 45.8 1.5 4 37.4 2 2.9 70.7 0.8 3.3 4.2 7.3 3.3 1.6 0.6 2.3 13 0 -0.3
"57" 2016 "Wilson Chandler" 29 57 27 30 31 16 6.2 13.5 45.5 1.6 4.6 34.1 2.1 2.9 73.9 1.6 5.1 6.7 2.1 1.8 0.8 0.4 2.4 8 0 -0.7
"58" 2016 "Nikola Jokic" 22 55 26 29 27.1 15.9 6.4 11 58.3 0.6 1.7 37 2.4 3 80.7 3.1 6.2 9.3 4.6 2.2 0.8 0.8 3 27 4 4
"59" 2016 "Dion Waiters" 25 41 23 18 30.4 15.7 6.1 14.7 41.8 1.8 4.5 38.7 1.7 2.6 65.7 0.4 3 3.4 4.3 2.2 0.9 0.5 2.1 2 0 1.9
"60" 2016 "Serge Ibaka" 27 62 25 37 31 15.3 6.2 12.7 48.8 1.5 3.9 39.5 1.4 1.6 85 1.8 5.2 6.9 1 1.3 0.6 1.6 2.6 10 0 -2.9
"61" 2016 "Nicolas Batum" 28 60 27 33 34.9 15.3 5 12.7 39.8 1.9 5.4 35.6 3.3 3.8 86.5 0.7 6.1 6.8 5.9 2.7 1 0.4 1.6 13 1 0.6
"62" 2016 "Jeff Teague" 28 63 32 31 32.5 15.3 4.9 11 44.1 1 2.9 35 4.5 5.3 85.8 0.4 3.8 4.2 8 2.7 1.3 0.5 2.1 14 0 -0.3
"63" 2016 "Myles Turner" 20 62 32 30 30.9 15.2 5.7 11 51.8 0.6 1.6 35.4 3.2 4 80 1.6 5.5 7.1 1.2 1.4 0.9 2.1 3.3 11 0 0.8
"64" 2016 "Reggie Jackson" 26 42 20 22 28.2 15.1 5.7 13.2 43.2 1.4 3.7 36.5 2.4 2.7 86.1 0.4 1.8 2.3 5.4 2.3 0.7 0.1 2.6 4 0 -4
"65" 2016 "Wesley Matthews" 30 57 24 33 35.2 14.9 5 12.4 40.4 2.6 6.9 37.7 2.3 2.7 82.7 0.2 3.3 3.5 2.5 1.4 1.2 0.2 2.2 0 0 -2.2
"66" 2016 "D'Angelo Russell" 21 47 16 31 27.1 14.9 5.3 13.3 40.2 2 5.9 34.8 2.1 2.8 76.3 0.6 3.1 3.7 4.8 2.8 1.3 0.3 2 2 0 -3.8
"67" 2016 "Marcus Morris" 27 62 31 31 33.2 14.6 5.6 13 42.7 1.6 4.7 33.8 1.9 2.4 79.3 1 3.8 4.9 2.2 1.1 0.8 0.3 2 4 0 0.7
"68" 2016 "Andre Drummond" 23 62 30 32 30.4 14.6 6.4 12 53 0 0.1 33.3 1.9 4.6 41.3 4.2 9.6 13.8 1 2 1.7 1.2 2.9 42 0 -2.6
"69" 2016 "Markieff Morris" 27 59 35 24 32.1 14.6 5.5 12.3 45 1 2.7 36 2.6 3.1 82.7 1.5 5.2 6.7 1.9 1.8 1.2 0.6 3.3 8 0 4
"70" 2016 "JJ Redick" 32 60 37 23 28.4 14.6 5.1 11.6 43.7 2.5 6.1 41.4 2 2.2 88 0.2 2.1 2.2 1.4 1.3 0.7 0.2 1.6 0 0 5.1
"71" 2016 "Kentavious Caldwell-Pope" 24 58 28 30 34.2 14.5 5.1 12.4 41.1 2.2 5.8 37.4 2.1 2.5 83.6 0.8 2.6 3.4 2.7 1.2 1.3 0.2 1.7 1 0 0.5
"72" 2016 "Bojan Bogdanovic" 27 61 12 49 26.7 14.4 4.9 10.9 44.8 2 5.1 38.3 2.6 3 88.3 0.4 3 3.4 1.5 1.6 0.4 0.1 1.8 0 0 -5.1
"73" 2016 "Enes Kanter" 24 53 31 22 21.8 14.4 5.6 10.2 55 0.1 0.6 14.7 3.1 3.9 78.6 2.7 4.2 6.9 1.1 1.7 0.5 0.6 2.2 14 0 1.1
"74" 2016 "Nikola Vucevic" 26 59 22 37 28.6 14.4 6.3 13.4 47.3 0.3 0.9 29.1 1.4 2.2 64.9 2.2 7.8 10.1 2.7 1.7 0.9 1 2.4 28 0 -2.2
"75" 2016 "Zach Randolph" 35 56 31 25 24.3 14.3 6.1 13.1 46.1 0.3 1.3 24.7 1.9 2.6 74.1 2.5 5.7 8.3 1.7 1.3 0.5 0.1 2 16 0 1.8
"76" 2016 "Otto Porter Jr." 23 61 37 24 33.8 14.1 5.4 10.3 52.2 2 4.5 45.3 1.3 1.7 81.2 1.3 5.3 6.6 1.5 0.7 1.6 0.6 2.5 10 0 4
"77" 2016 "Al Horford" 30 50 33 17 32.8 14 5.6 12.2 45.5 1.4 4.1 34.3 1.5 1.8 81.5 1.3 5.4 6.6 4.9 1.7 0.7 1.4 2.2 7 0 3.2
"78" 2016 "Tyler Johnson" 24 55 24 31 30.4 13.9 5 11.4 43.4 1.3 3.5 36.1 2.8 3.6 76.8 0.7 3.5 4.2 3.3 1 1.3 0.7 2.5 0 0 0
"79" 2016 "Jordan Clarkson" 24 63 19 44 27.5 13.9 5.5 12.3 44.9 1.2 3.8 31.8 1.6 2 79.4 0.6 2.3 2.9 2.2 2 1.3 0.1 1.9 0 0 -4.5
"80" 2016 "Gary Harris" 22 39 19 20 29.2 13.9 5.2 10.7 48.7 1.8 4.3 42.2 1.6 2.2 75 0.8 2.2 3 2.4 1.3 1.2 0.2 1.6 0 0 1.6
"81" 2016 "Ersan Ilyasova" 29 63 26 37 26.4 13.8 5 11.3 44.2 1.9 5.2 36 2 2.5 78 1.3 4.5 5.7 1.7 1.4 0.7 0.3 2.4 9 0 -0.9
"82" 2016 "Jae Crowder" 26 54 35 19 32.4 13.8 4.6 9.9 46.4 2.2 5.5 40.1 2.3 2.8 84 0.6 4.9 5.5 2.1 0.9 1 0.3 2.3 5 0 4.1
"83" 2016 "Ryan Anderson" 28 61 42 19 30.3 13.8 4.5 10.9 41.4 2.8 6.9 40 2 2.3 85.1 1.6 3.2 4.9 1 0.8 0.5 0.2 2 2 0 5.8
"84" 2016 "Rodney Hood" 24 45 31 14 28.4 13.7 5 11.9 41.8 2.1 5.6 37.1 1.6 2.1 78.7 0.3 3.3 3.6 1.7 1.2 0.7 0.2 2.3 0 0 3.6
"85" 2016 "Darren Collison" 29 55 22 33 31 13.7 5.2 10.9 48 1.2 2.9 43.3 2 2.3 85.8 0.4 1.8 2.2 4.3 1.6 1 0.1 1.9 1 0 -1.6
"86" 2016 "Tim Hardaway Jr." 24 61 33 28 25.6 13.6 5 11.1 45.2 1.9 5.2 35.6 1.7 2.4 72.4 0.4 2.2 2.6 2.1 1.2 0.7 0.2 1.2 0 0 2.8
"87" 2016 "Khris Middleton" 25 10 6 4 25.7 13.6 4.7 9.8 48 1.1 2.5 44 3.1 3.6 86.1 0.3 3.2 3.5 4.2 1.9 1.3 0.2 2.8 0 0 1.9
"88" 2016 "Dirk Nowitzki" 38 36 17 19 26.4 13.6 5.2 12.4 41.7 1.4 3.9 36.2 1.8 2.1 88 0.5 6.1 6.6 1.6 0.9 0.7 0.7 2.1 5 0 -0.2
"89" 2016 "Jeremy Lin" 28 18 5 13 22.8 13.5 4.8 10.2 47 1.6 3.9 39.4 2.4 3.2 75.4 0.1 2.8 2.9 4.8 2.3 1.1 0.4 1.6 2 0 -4.5
"90" 2016 "Nick Young" 31 56 18 38 26.2 13.5 4.6 10.7 43.6 2.9 7.1 40.8 1.3 1.6 85.2 0.4 1.9 2.3 1 0.6 0.7 0.3 2.3 0 0 -3.2
"91" 2016 "Will Barton" 26 49 25 24 28.9 13.5 4.9 11 44 1.3 3.7 36.3 2.4 3.2 75.8 1.1 3.5 4.6 3.4 1.7 0.8 0.5 1.9 2 0 -2.5
"92" 2016 "Sean Kilpatrick" 27 61 10 51 25.8 13.4 4.4 10.7 41.4 1.6 4.4 35.6 3 3.5 83.3 0.3 3.7 4 2.3 2 0.7 0.1 1.8 4 0 -4.1
"93" 2016 "TJ Warren" 23 50 17 33 29.5 13.3 5.6 11.7 48.2 0.4 1.6 23.2 1.7 2.2 76.1 1.6 2.6 4.2 1 0.8 1.1 0.5 2.6 0 0 -3.6
"94" 2016 "Dwight Howard" 31 58 30 28 29.4 13.3 5.1 8 63.9 0 0 0 3 5.6 53.5 4.2 8.7 12.9 1.3 2.2 0.9 1.2 2.9 40 0 -0.9
"95" 2016 "Shawn Long" 24 1 0 1 15.4 13 5 8 62.5 1 1 100 2 7 28.6 2 5 7 1 1 0 1 1 0 0 11
"96" 2016 "Rudy Gobert" 24 64 40 24 33.5 13 4.6 7.1 64.3 0 0 0 3.8 5.8 66.4 3.8 9 12.8 1.1 1.9 0.7 2.5 3 44 0 6
"97" 2016 "Seth Curry" 26 58 25 33 29 12.9 4.9 10.1 48.5 2 4.6 43.2 1.1 1.3 84.2 0.4 2.2 2.6 2.8 1.3 1.2 0.1 1.9 1 0 0
"98" 2016 "Julius Randle" 22 55 17 38 28.4 12.8 5 10.4 48.4 0.1 0.5 21.4 2.7 3.7 70.9 1.9 6.5 8.4 3.6 2.4 0.7 0.4 3.4 13 2 -5.4
"99" 2016 "Elfrid Payton" 23 64 23 41 28.9 12.4 5.1 11 46.4 0.5 2 26.2 1.7 2.5 67.1 0.9 3.2 4.1 5.7 2.1 1.1 0.5 2.2 8 1 -2.4
"100" 2016 "Robert Covington" 26 57 23 34 31.3 12.4 4.2 10.6 39 2.1 6.2 33.2 2 2.5 80.3 1.3 4.9 6.2 1.6 2 1.9 1 2.9 9 0 -2.8
"101" 2016 "Jamal Crawford" 36 63 38 25 26.4 12.4 4.5 10.9 41.1 1.4 4 35.3 2 2.4 83.9 0.2 1.4 1.6 2.8 1.8 0.8 0.2 1.4 0 0 -0.2
"102" 2016 "Deron Williams" 32 44 16 28 28.5 12.4 4.6 10.8 42.9 1.4 4.3 33.5 1.7 2 83 0.3 2.2 2.5 6.6 2.3 0.6 0.1 2.3 3 0 -1.4
"103" 2016 "Clint Capela" 22 49 33 16 23.4 12.3 5.4 8.4 64.2 0 0 0 1.5 2.8 54.8 2.5 5.2 7.7 0.9 1.3 0.5 1.3 2.7 10 0 2
"104" 2016 "DeAndre Jordan" 28 63 38 25 31.5 12.2 4.9 7 69.9 0 0 0 2.5 5.2 47.7 3.6 10 13.5 1.1 1.6 0.6 1.7 2.7 27 0 3.8
"105" 2016 "J.J. Barea" 32 18 6 12 24.7 12.2 4.5 10.7 42.2 1.4 4.1 35.1 1.7 1.8 93.9 0.3 2.6 2.9 4.9 1.7 0.5 0.1 0.7 0 0 -0.8
"106" 2016 "Austin Rivers" 24 61 36 25 28.1 12.1 4.4 10 44 1.6 4 39.4 1.8 2.5 69.7 0.3 1.8 2.1 2.9 1.6 0.7 0.1 2.6 0 0 -0.8
"107" 2016 "Pau Gasol" 36 45 36 9 26.2 12.1 4.8 9.4 50.8 0.7 1.4 49.2 1.9 2.8 66.1 1.5 6.3 7.9 2.6 1.2 0.4 1.2 1.7 7 0 3.7
"108" 2016 "James Johnson" 30 58 29 29 26.4 12.1 4.6 9.5 48.5 1.1 3.3 33.9 1.8 2.6 70.3 0.9 3.9 4.9 3.4 2.2 0.9 1.1 2.7 2 0 1
"109" 2016 "Jonas Valanciunas" 24 61 36 25 26.1 12 4.9 8.9 54.6 0 0 0 2.3 2.7 83.8 2.9 6.7 9.5 0.7 1.4 0.5 0.7 2.8 21 0 1.2
"110" 2016 "Steven Adams" 23 61 35 26 30.5 12 5 8.6 57.3 0 0 0 2.1 3.2 64.6 3.5 4.4 7.9 1.1 2 1.1 1.1 2.4 13 0 2.3
"111" 2016 "Marcin Gortat" 33 61 37 24 33.7 11.7 5.1 8.7 58.3 0 0 0 1.5 2.1 69.5 3.1 8 11.2 1.5 1.6 0.6 0.9 3 33 0 4.4
"112" 2016 "Greg Monroe" 26 61 29 32 22.2 11.6 4.7 8.8 53.1 0 0 0 2.3 3 74.2 2.1 4.6 6.7 2.3 1.6 1.2 0.5 2 12 0 2.5
"113" 2016 "Dario Saric" 22 63 23 40 25.3 11.6 4.3 10.6 40.2 1.2 4 31.1 1.9 2.4 78 1.5 4.8 6.3 2.1 2 0.6 0.3 1.8 9 0 -3.8
"114" 2016 "Trevor Ariza" 31 64 44 20 34.4 11.5 4 10 40.2 2.5 7.1 34.5 1 1.4 73.3 0.7 4.9 5.6 2.2 0.9 1.8 0.3 1.6 1 0 5.5
"115" 2016 "Aaron Gordon" 21 62 23 39 27.8 11.5 4.5 10.3 43.4 1 3.5 27.6 1.6 2.5 66.7 1.5 3.4 4.8 2 1.1 0.7 0.5 2.1 4 0 -2.1
"116" 2016 "Jahlil Okafor" 21 43 12 31 22.9 11.5 4.7 9.3 50.9 0 0 0 2 3.2 63.5 1.7 3.2 4.9 1.1 1.7 0.3 1 2.5 2 0 -7
"117" 2016 "Frank Kaminsky" 23 59 24 35 25.8 11.5 4.3 10.7 40.1 1.5 4.6 32.3 1.5 1.9 76.5 0.8 3.9 4.7 2.1 1 0.8 0.4 1.8 4 0 0.6
"118" 2016 "Emmanuel Mudiay" 21 46 21 25 27.4 11.5 4 10.8 37 1.1 3.5 30.9 2.4 3.1 77.8 0.6 2.9 3.5 4.1 2.4 0.8 0.3 1.8 1 0 -3.2
"119" 2016 "Terrence Jones" 25 51 19 32 24.8 11.5 4.5 9.6 47.2 0.4 1.5 25.3 2 3.3 60.6 1.3 4.7 5.9 1.2 0.9 0.8 1 1.3 6 0 -1
"120" 2016 "Taj Gibson" 31 61 30 31 26.9 11.3 4.8 9.4 51.5 0 0.2 23.1 1.6 2.2 72 2.1 4.6 6.7 1.1 1.4 0.5 0.9 2.2 11 0 -0.7
"121" 2016 "Marvin Williams" 30 57 24 33 29.4 11.2 3.9 9.5 41.5 1.7 4.9 35.5 1.6 1.9 85 1 4.7 5.7 1.2 0.8 0.7 0.6 1.8 4 0 0.1
"122" 2016 "Jon Leuer" 27 57 29 28 27.3 11.1 4.5 9.1 49.5 0.7 2.5 29.6 1.4 1.6 88.8 1.4 4.3 5.6 1.6 0.9 0.5 0.4 2.1 3 0 0.2
"123" 2016 "Wayne Ellington" 29 44 24 20 25.7 11.1 4 9.5 41.9 2.4 6.4 37.5 0.8 0.9 86.8 0.3 1.8 2.1 1.3 0.6 0.6 0.1 1.2 0 0 1.2
"124" 2016 "Brandon Knight" 25 54 16 38 21.1 11 3.9 9.7 39.8 0.8 2.6 32.4 2.4 2.9 85.7 0.5 1.7 2.2 2.4 1.6 0.5 0.1 1.6 0 0 -6.1
"125" 2016 "Jerryd Bayless" 28 3 1 2 23.8 11 3.7 10.7 34.4 0.7 1.7 40 3 3.3 90 1 3 4 4.3 3 0 0 1.3 0 0 -7
"126" 2016 "CJ Miles" 29 57 29 28 23.4 11 3.8 8.6 44.3 2.3 5.4 42.6 1 1.1 87.7 0.3 2.7 3.1 0.6 0.5 0.6 0.4 2 0 0 1
"127" 2016 "Kent Bazemore" 27 61 32 29 27.3 11 4.1 10.1 40.2 1.2 3.7 34.1 1.5 2.1 71.8 0.6 2.6 3.1 2.5 1.8 1.2 0.7 2.2 1 0 -1.9
"128" 2016 "Justise Winslow" 20 18 4 14 34.7 10.9 4.4 12.5 35.6 0.4 1.9 20 1.6 2.6 61.7 1.3 3.9 5.2 3.7 1.8 1.4 0.3 2.9 1 0 -0.3
"129" 2016 "Thaddeus Young" 28 55 30 25 30.1 10.8 4.7 9.1 51.7 0.8 2 39.6 0.7 1.2 53.7 1.5 4.4 5.9 1.7 1.5 1.7 0.5 1.9 4 0 -0.1
"130" 2016 "Marcus Smart" 23 61 38 23 31 10.8 3.6 9.4 37.7 1.2 4.1 29.2 2.5 3.1 79.2 0.9 2.9 3.9 4.5 2 1.7 0.4 2.3 1 0 2
"131" 2016 "Maurice Harkless" 23 57 24 33 29.5 10.8 4.3 8.9 48.7 1.1 3 36.1 1.1 1.7 65.3 1.7 3.2 4.8 1 1.2 1.2 0.9 2.8 2 0 -0.4
"132" 2016 "Cody Zeller" 24 43 25 18 26.7 10.7 4.2 7.3 57.7 0 0 0 2.3 3.4 66.7 2.4 4.3 6.6 1.5 1.2 0.8 1 3.1 4 0 4.2
"133" 2016 "Mason Plumlee" 27 62 27 35 27.4 10.6 4.2 7.9 53 0 0.1 0 2.3 4 56.4 2.1 5.7 7.9 3.8 1.7 0.9 1.1 2.8 16 0 -0.1
"134" 2016 "Terrence Ross" 26 60 33 27 23.6 10.6 4.1 9.3 43.5 1.8 4.9 36.4 0.7 0.9 83 0.3 2.5 2.7 1 0.7 1.1 0.4 1.6 0 0 2.9
"135" 2016 "Courtney Lee" 31 59 24 35 31.8 10.6 4.1 8.9 46.1 1.5 3.6 41.7 0.9 1.1 85.9 0.7 2.6 3.3 2.1 0.8 1 0.3 1.9 0 0 -2.4
"136" 2016 "Tony Parker" 34 48 37 11 25.8 10.6 4.4 9.3 46.9 0.4 1.2 37.5 1.4 1.8 76.1 0.2 1.8 1.9 4.8 1.4 0.5 0 1.5 0 0 4.1
"137" 2016 "Allen Crabbe" 24 61 26 35 28.3 10.3 3.6 7.8 46.4 1.5 3.4 43.5 1.5 1.8 86.1 0.2 2.4 2.7 1.2 0.9 0.6 0.2 2.1 0 0 -3.8
"138" 2016 "Marco Belinelli" 30 58 26 32 24.3 10.3 3.6 8.4 42.4 1.4 3.9 36.6 1.7 1.9 88.4 0.2 2.4 2.6 2 1 0.6 0.1 1.2 1 0 0.2
"139" 2016 "Draymond Green" 27 60 49 11 32.8 10.3 3.6 8.4 43.1 1.1 3.5 32.9 1.9 2.7 69.1 1.3 6.8 8.1 7.2 2.4 2.1 1.4 3 16 4 10.4
"140" 2016 "Kyle Korver" 35 58 30 28 27 10.2 3.6 7.9 46.3 2.4 5.4 44.7 0.6 0.6 88.9 0.1 2.7 2.8 1.8 1.1 0.6 0.3 1.6 0 0 -2.6
"141" 2016 "Robin Lopez" 28 63 31 32 27.9 10.1 4.6 9.6 48.4 0 0 0 0.9 1.3 69.6 3.3 3.4 6.6 1 1 0.2 1.5 1.9 6 0 0.2
"142" 2016 "Tyreke Evans" 27 31 14 17 19 10.1 3.7 9 41 1 2.8 34.5 1.8 2.3 78.9 0.3 3.3 3.6 3.3 1.6 0.8 0.3 1.6 0 0 -2.8
"143" 2016 "Trevor Booker" 29 57 10 47 25.9 10.1 4.4 8.2 52.8 0.3 1.1 25 1.1 1.7 66.3 2.1 6.5 8.6 2.1 1.9 1.2 0.4 2.2 16 0 -6.5
"144" 2016 "Gorgui Dieng" 27 62 25 37 31.8 10.1 4.2 8.3 50.4 0.2 0.5 35.5 1.5 2 77.7 2.3 5.7 7.9 1.8 1.3 1 1 3.1 11 0 1.1
"145" 2016 "Malcolm Brogdon" 24 62 29 33 25.9 10 3.7 8.3 45.1 1 2.5 42.8 1.5 1.8 84.4 0.6 2.1 2.7 4.1 1.5 1.1 0.1 1.8 1 1 1.9
"146" 2016 "Doug McDermott" 25 50 25 25 25 9.9 3.7 8.5 43.5 1.2 3.4 35.7 1.3 1.4 88.7 0.3 2.7 3.1 1 0.7 0.2 0.1 1.3 1 0 -0.2
"147" 2016 "Josh Richardson" 23 35 12 23 29 9.9 3.8 9.9 38.4 1.3 4.5 29.7 0.9 1.2 76.2 0.5 2.8 3.3 2.7 1.3 0.9 0.5 2.5 0 0 -1
"148" 2016 "Gerald Henderson" 29 56 20 36 23.9 9.8 3.5 7.9 44.1 0.9 2.3 37.5 2 2.4 84.8 0.4 2.1 2.5 1.6 0.9 0.6 0.2 1.7 0 0 -3.9
"149" 2016 "Evan Turner" 28 50 23 27 26.2 9.7 3.9 8.9 43.5 0.6 2 28.3 1.4 1.6 85.4 0.5 3.3 3.8 3.4 1.6 0.8 0.3 1.8 2 0 -3.6
"150" 2016 "E'Twaun Moore" 28 57 23 34 24.9 9.7 3.9 8.6 45.3 1.2 2.9 40.6 0.7 0.9 77.4 0.5 1.7 2.1 2.2 0.9 0.7 0.5 1.9 0 0 -2.2
"151" 2016 "Kenneth Faried" 27 49 23 26 22 9.7 3.7 6.5 55.9 0 0.1 0 2.4 3.5 69 3.1 4.7 7.9 0.9 1 0.7 0.7 2.1 10 0 -1.3
"152" 2016 "Michael Beasley" 28 50 21 29 17.1 9.7 4 7.3 54.2 0.3 0.8 42.1 1.4 2 72.7 0.7 2.9 3.6 1 1.3 0.5 0.5 1.7 1 0 0
"153" 2016 "Patrick Beverley" 28 50 35 15 30.6 9.6 3.5 8.1 43.3 1.7 4.3 39.4 0.9 1.1 83.3 1.3 4.6 5.9 4.4 1.5 1.6 0.4 3.3 5 0 6.3
"154" 2016 "Yogi Ferrell" 23 26 11 15 25.5 9.6 3.4 8.3 40.9 1.3 3.7 36.5 1.5 1.8 80.9 0.5 1.9 2.3 3.7 1.6 0.8 0.2 1.8 0 0 -1.2
"155" 2016 "Jeff Green" 30 62 23 39 23 9.6 3.3 8.3 39.4 0.8 2.9 27.6 2.2 2.6 85.8 0.5 2.5 3 1.1 1.1 0.5 0.2 1.5 1 0 -4.1
"156" 2016 "Derrick Favors" 25 47 31 16 24.1 9.6 4 8.4 48.3 0.1 0.2 33.3 1.4 2.3 62.3 1.8 4.4 6.2 1.1 1.2 0.9 0.9 2.1 6 0 1.3
"157" 2016 "Patty Mills" 28 61 49 12 21.6 9.5 3.5 7.8 44.1 1.8 4.3 41.2 0.8 1 83.6 0.3 1.5 1.8 3.3 1.3 0.8 0 1.4 0 0 5.4
"158" 2016 "Shabazz Muhammad" 24 58 23 35 19.4 9.4 3.4 7.2 47.5 0.7 1.9 39.8 1.8 2.3 79.4 1 1.8 2.8 0.5 0.7 0.3 0.1 1.2 0 0 0.1
"159" 2016 "Jeremy Lamb" 24 43 19 24 17.8 9.3 3.4 7.7 44.4 0.7 2.4 27.5 1.8 2.2 83 0.5 3.9 4.3 1.1 0.7 0.3 0.3 1.6 1 0 -0.1
"160" 2016 "Channing Frye" 33 55 36 19 18.8 9.3 3.2 7.4 43.7 1.9 4.7 40.6 0.9 1.1 81.7 0.5 3.2 3.7 0.7 0.8 0.4 0.5 1.9 2 0 -0.1
"161" 2016 "Ty Lawson" 29 57 21 36 25.4 9.3 3.3 7.6 43.5 0.5 1.9 29.2 2.1 2.6 80.5 0.7 2 2.7 4.6 1.9 1.1 0.1 1.6 0 0 -1.5
"162" 2016 "Marreese Speights" 29 63 38 25 16 9.3 3.1 7 43.7 1.3 3.5 37.6 1.8 2 87.6 1.1 3.4 4.5 0.8 0.8 0.3 0.5 2.8 3 0 -0.1
"163" 2016 "Nik Stauskas" 23 61 22 39 27 9.3 3.1 7.6 41.2 1.6 4.1 37.9 1.5 1.8 81.7 0.2 2.6 2.8 2.1 1.5 0.5 0.4 1.8 0 0 -2.7
"164" 2016 "DeMarre Carroll" 30 58 34 24 27.3 9.2 3.2 7.9 40.6 1.6 4.5 34.2 1.2 1.6 75.8 0.9 3.2 4.1 1 0.8 1.1 0.4 2 2 0 2.3
"165" 2016 "Tony Allen" 35 55 29 26 27.5 9.2 3.9 8.4 46.1 0.2 0.7 26.3 1.3 2 63.1 2.3 3.2 5.5 1.2 1.6 1.8 0.5 2.6 5 0 -0.8
"166" 2016 "Jameer Nelson" 35 62 28 34 26.5 9.2 3.6 8 45.2 1.4 3.5 39.1 0.5 0.7 73.3 0.4 2 2.4 4.9 1.7 0.7 0.1 2.7 3 0 1.6
"167" 2016 "Ricky Rubio" 26 56 22 34 32.3 9.1 2.8 7.2 39 0.7 2.4 29.2 2.8 3.3 85.8 0.9 3.1 4 8.7 2.5 1.8 0.1 2.6 14 1 -0.2
"168" 2016 "Montrezl Harrell" 23 49 35 14 18.4 9.1 3.9 6 64.7 0 0.1 33.3 1.3 2 63.6 1.5 2.2 3.7 1.2 0.8 0.4 0.7 2 2 0 3.3
"169" 2016 "Nikola Mirotic" 26 54 27 27 22.7 9.1 3.1 8.1 38.8 1.5 4.9 30.2 1.4 1.8 76.3 0.7 4.4 5.1 0.9 1.1 0.7 0.7 1.8 5 0 1.1
"170" 2016 "JaMychal Green" 26 62 35 27 28.4 9 3.3 6.6 49.6 0.7 1.8 37.7 1.8 2.3 80.9 2.2 5.1 7.3 1.2 1.3 0.7 0.5 3.5 8 0 -0.1
"171" 2016 "Nerlens Noel" 22 34 18 16 20.2 9 3.8 6.1 61.5 0 0 0 1.5 2.2 67.6 1.7 3.7 5.4 1 1 1.4 0.9 2.6 2 0 -1.7
"172" 2016 "Buddy Hield" 23 63 24 39 20.8 9 3.4 8.3 40.6 1.6 4.2 38 0.6 0.7 87 0.3 2.6 2.9 1.3 1.1 0.4 0.1 1.4 0 0 -2.3
"173" 2016 "Jodie Meeks" 29 24 10 14 21.7 8.9 2.9 7 41.7 1.5 3.7 40.4 1.6 1.8 90.5 0.1 2.1 2.3 1.5 1 1.2 0.1 1.2 0 0 -2.2
"174" 2016 "Michael Kidd-Gilchrist" 23 62 28 34 29.5 8.9 3.5 7.7 45.4 0 0.1 11.1 1.9 2.4 76.8 2.1 5.5 7.7 1.4 0.8 1 1 2.3 11 0 0.4
"175" 2016 "Jamal Murray" 20 63 29 34 20.1 8.9 3.2 8.2 39 1.3 3.9 32.8 1.2 1.4 87.4 0.5 1.9 2.5 1.8 1.3 0.5 0.3 1.4 0 0 0
"176" 2016 "Cory Joseph" 25 61 35 26 23.7 8.9 3.5 7.9 44.6 0.5 1.4 38.1 1.3 1.6 78.6 0.6 2.1 2.7 2.9 1 0.8 0.1 1.7 0 0 -0.1
"177" 2016 "Kelly Olynyk" 25 57 36 21 21 8.9 3.4 6.8 49.9 1 2.8 35.7 1.1 1.5 72.4 1 3.8 4.7 1.9 1.4 0.6 0.4 2.8 0 0 0.2
"178" 2016 "Al-Farouq Aminu" 26 41 18 23 29.1 8.8 3.1 8 38.5 1.2 3.7 32.2 1.4 1.9 75.6 1.2 6.1 7.3 2 1.6 1 0.7 1.8 4 0 -0.3
"179" 2016 "Jusuf Nurkic" 22 51 23 28 19.3 8.7 3.6 7 51.8 0 0 0 1.5 2.7 53.6 2 4 6.1 1.6 2 0.7 0.9 2.2 6 0 -1.8
"180" 2016 "JR Smith" 31 21 16 5 28.9 8.6 3 8.8 33.7 2.4 6.6 36.2 0.3 0.4 77.8 0.4 1.8 2.1 1.2 0.7 1.2 0.4 2.2 0 0 5.2
"181" 2016 "Nene" 34 54 37 17 17.3 8.5 3.3 5.3 62.2 0.1 0.1 42.9 1.8 3.1 59.3 1.4 2.7 4 0.9 1.1 0.8 0.7 2.5 1 0 3.4
"182" 2016 "Tyson Chandler" 34 47 15 32 27.6 8.4 3.3 4.9 67.1 0 0 0 1.9 2.6 73.4 3.3 8.2 11.4 0.6 1.4 0.7 0.5 2.7 12 0 -1.6
"183" 2016 "Monta Ellis" 31 55 29 26 27 8.4 3.3 7.3 44.9 0.5 1.7 30.8 1.4 1.9 75.7 0.2 2.6 2.8 3.4 2 0.9 0.3 2 0 0 -1.6
"184" 2016 "D.J. Augustin" 29 63 23 40 20.7 8.4 2.7 6.8 39.2 1.4 3.8 37.1 1.7 2.1 78.9 0.2 1.3 1.5 2.9 1.1 0.4 0 1.4 0 0 -4.7
"185" 2016 "Joe Johnson" 35 60 36 24 22.6 8.4 3.3 7.4 44 1.2 3 40.1 0.7 0.9 81.1 0.5 2.6 3 1.7 0.9 0.4 0.2 1.2 0 0 1.5
"186" 2016 "Ish Smith" 28 62 31 31 23.4 8.3 3.6 8.3 43.9 0.3 1.2 22.7 0.8 1.2 69.4 0.2 2.5 2.7 5.2 1.3 0.8 0.4 1.6 2 0 2.1
"187" 2016 "Rodney Stuckey" 30 31 13 18 18.2 8.3 2.7 6.6 40.8 0.5 1.5 33.3 2.4 3.1 77.1 0.2 2 2.2 2 1.4 0.5 0 1.2 0 0 -1.1
"188" 2016 "Al Jefferson" 32 59 30 29 14.4 8.3 3.6 7.2 50.5 0 0 0 1 1.4 75.3 1.2 3.1 4.3 0.9 0.5 0.3 0.3 1.9 1 0 -1.4
"189" 2016 "Brandon Jennings" 27 60 25 35 24.2 8.3 2.7 7.3 37.7 1.1 3.4 33.3 1.7 2.3 75.6 0.4 2.2 2.6 4.9 1.8 0.9 0.1 1.4 3 0 -1.9
"190" 2016 "Tony Snell" 25 61 29 32 28.7 8.2 3 6.6 45.5 1.8 4.4 40.2 0.5 0.6 76.9 0.3 3 3.3 1.2 0.7 0.5 0.2 1.6 1 0 -1.4
"191" 2016 "Brandon Ingram" 19 63 19 44 28.3 8.2 3 7.9 37.3 0.7 2.4 30.1 1.6 2.5 63.1 0.7 3.4 4.1 2 1.4 0.5 0.4 2 0 0 -4.7
"192" 2016 "Joe Harris" 25 52 10 42 21.9 8.2 3 7 42.5 1.6 4.3 38.5 0.7 0.9 71.4 0.3 2.5 2.8 1 1.1 0.6 0.2 2.3 0 0 -5.5
"193" 2016 "Rondae Hollis-Jefferson" 22 58 10 48 21.8 8.2 2.8 6.4 43.4 0.2 0.9 21.8 2.4 3.2 74.3 1 4.2 5.2 2.1 1.5 1 0.5 2.3 3 0 -4.3
"194" 2016 "Langston Galloway" 25 58 22 36 19.7 8.1 2.8 7.7 37.1 1.7 4.7 37.4 0.7 0.9 76.9 0.3 1.8 2.1 1.2 0.5 0.7 0.1 1.3 0 0 -1.1
"195" 2016 "Tristan Thompson" 25 62 42 20 30.3 8.1 3.3 5.7 58.1 0 0 0 1.5 2.9 51.4 3.7 5.9 9.7 1 0.8 0.5 1.1 2.3 18 0 3.2
"196" 2016 "Troy Daniels" 25 49 26 23 16.6 8.1 2.7 7.1 37.9 1.9 5 38.2 0.8 1 81.3 0.3 1 1.3 0.6 0.6 0.3 0.1 1.4 0 0 2.4
"197" 2016 "Marquese Chriss" 19 63 21 42 19.5 8 3.1 7.1 43.6 0.8 2.5 30.8 1.1 1.8 61.4 1.1 2.4 3.5 0.7 1.1 0.8 0.7 3 1 0 -3.9
"198" 2016 "Arron Afflalo" 31 52 21 31 25.8 8 2.8 6.6 43 1 2.5 39.5 1.3 1.5 89.6 0.2 1.7 1.9 1.3 0.6 0.4 0.1 1.7 0 0 -4.1
"199" 2016 "Tim Frazier" 26 48 17 31 23.7 7.9 2.8 6.7 41.9 0.6 1.9 34.1 1.7 2.2 76.6 0.5 2.2 2.7 5.2 1.9 0.8 0.1 2.2 7 1 -2.2
"200" 2016 "Sergio Rodriguez" 30 58 20 38 22.5 7.9 3.1 8 38.6 1.4 3.8 36.4 0.3 0.4 69.6 0.3 2.1 2.3 5.1 2 0.8 0.1 1.4 1 0 -2.2
"201" 2016 "Michael Carter-Williams" 25 28 16 12 21.3 7.9 2.9 7.5 38.9 0.3 1.6 20 1.7 2.2 77 0.6 3.9 4.5 2.5 1.7 0.8 0.4 2.4 0 0 -2.4
"202" 2016 "Vince Carter" 40 56 29 27 23.7 7.9 2.6 6.8 38.4 1.5 4 36.9 1.2 1.7 72.3 0.5 2.6 3.1 1.7 0.6 0.8 0.5 2.3 0 0 2.2
"203" 2016 "Norman Powell" 23 59 35 24 17.5 7.7 2.8 6.2 45.1 0.7 2 33.9 1.5 1.8 78.9 0.3 1.9 2.2 1.1 0.8 0.7 0.2 1.6 0 0 1
"204" 2016 "Garrett Temple" 30 50 19 31 26.5 7.7 2.8 6.3 43.8 1.2 3.2 37.3 1 1.3 79.4 0.5 2.1 2.7 2.3 1 1.2 0.4 2.2 0 0 -1.7
"205" 2016 "Manu Ginobili" 39 54 42 12 18.7 7.6 2.5 6.4 38.7 1.3 3.3 39.3 1.4 1.7 81.1 0.4 1.9 2.3 2.5 1.3 1.1 0.3 1.7 0 0 4.1
"206" 2016 "Luol Deng" 31 56 18 38 26.5 7.6 2.9 7.6 38.6 0.9 2.9 30.9 0.8 1.1 73 1.1 4.1 5.3 1.3 0.8 0.9 0.4 1.1 5 0 -3.5
"207" 2016 "Matthew Dellavedova" 26 57 26 31 26.7 7.6 2.8 7.1 39.1 0.9 2.7 34.4 1.1 1.4 82.1 0.3 1.6 2 5.2 1.8 0.8 0 2 0 0 -2.2
"208" 2016 "Raymond Felton" 32 61 37 24 22.1 7.6 3.1 6.9 44.3 0.7 2 36.4 0.7 0.9 81.1 0.5 2.4 2.9 2.6 1.1 0.9 0.3 1.7 0 0 -2.2
"209" 2016 "Iman Shumpert" 26 58 39 19 25.5 7.6 2.6 6.4 40.7 1.4 3.7 38.2 1 1.3 77 0.6 2.3 2.9 1.5 1 0.9 0.3 2 0 0 0.6
"210" 2016 "Thabo Sefolosha" 32 51 28 23 26 7.5 3 6.6 45.1 0.7 1.9 35.1 0.9 1.2 75.4 0.8 3.4 4.2 1.7 0.9 1.6 0.5 1.5 0 0 -0.7
"211" 2016 "Richaun Holmes" 23 38 11 27 17.4 7.5 3.1 5.7 54.4 0.3 0.8 35.5 1.1 1.6 66.1 1.6 2.9 4.5 0.8 0.8 0.6 0.9 2 1 0 -3.2
"212" 2016 "Lance Stephenson" 26 10 2 8 21.2 7.5 3.4 7.2 47.2 0.1 1.1 9.1 0.6 1 60 0.3 2.2 2.5 3.2 1.3 0.2 0.1 2 0 0 -1.3
"213" 2016 "Alex Len" 23 60 19 41 19.6 7.5 2.8 5.7 49.4 0 0.1 16.7 1.8 2.5 73.6 1.9 4.4 6.3 0.6 1.3 0.4 1.2 3 7 0 -5
"214" 2016 "Justin Holiday" 27 64 26 38 19.4 7.5 2.7 6.3 42.5 1.2 3.3 36.4 0.9 1.1 81.4 0.4 2.5 2.9 1.1 0.8 0.8 0.4 1.5 0 0 0.2
"215" 2016 "Timofey Mozgov" 30 54 16 38 20.4 7.4 3.1 6.1 51.5 0 0 0 1.2 1.4 80.8 1.9 3 4.9 0.8 1.3 0.3 0.6 2.5 1 0 -3.6
"216" 2016 "Isaiah Whitehead" 21 54 9 45 21.8 7.4 2.8 7 39.8 0.6 1.9 32.7 1.2 1.4 84.4 0.4 2.1 2.4 2.8 2.1 0.6 0.4 2.4 1 0 -2.1
"217" 2016 "Matt Barnes" 36 57 24 33 24.8 7.4 2.6 6.9 38.3 1.2 3.8 32.6 0.9 1.2 76.5 1 4.3 5.3 2.7 1.6 0.7 0.3 2.5 4 0 -1.9
"218" 2016 "Danny Green" 29 54 43 11 27.1 7.4 2.6 6.6 40.1 1.8 4.6 39 0.3 0.4 80 0.4 2.9 3.3 1.9 1 1 0.8 1.8 0 0 4.6
"219" 2016 "Shelvin Mack" 26 46 27 19 21.4 7.3 3 6.7 44 0.7 2.1 31.6 0.8 1.2 66 0.3 1.8 2.1 2.8 1.8 0.8 0 1.7 0 0 0.1
"220" 2016 "Brandan Wright" 29 10 7 3 14.6 7.3 3.3 5.6 58.9 0 0.1 0 0.7 1.2 58.3 1.4 1.6 3 0.3 0.3 0.3 0.6 1.3 0 0 1
"221" 2016 "Caris LeVert" 22 37 6 31 20.6 7.3 2.6 6.1 43.8 0.9 3.1 30.1 1.1 1.6 69 0.4 2.5 2.9 1.9 1.1 1 0.1 1.4 0 0 -2.3
"222" 2016 "David Lee" 33 61 48 13 18.5 7.3 3.1 5.2 60.2 0 0 0 1 1.4 70.9 1.8 3.8 5.6 1.5 1 0.4 0.5 1.7 5 0 3.9
"223" 2016 "James Ennis III" 26 48 26 22 24 7.3 2.4 5.2 47 0.9 2.2 41.1 1.5 1.9 78.9 1.2 2.8 4 1 1 0.7 0.3 2.7 1 0 1.7
"224" 2016 "Sam Dekker" 22 64 44 20 19.3 7.2 2.9 6.1 47.6 0.9 2.7 32.6 0.5 0.9 58.6 1.3 2.5 3.8 1.1 0.6 0.5 0.3 1.1 0 0 1.3
"225" 2016 "Spencer Hawes" 28 38 18 20 17.2 7.2 2.9 6.1 48.3 0.5 1.6 30 0.8 1 86.5 0.9 3.2 4.1 1.7 1.1 0.3 0.7 1.7 3 0 -3.4
"226" 2016 "Spencer Dinwiddie" 23 39 4 35 22 7.1 2.3 5.2 43.6 0.6 1.5 39.7 1.9 2.3 83.5 0.4 2.4 2.8 3 1.1 0.6 0.4 2.2 0 0 -3.5
"227" 2016 "Alec Burks" 25 28 18 10 15.7 7.1 2.6 6 42.6 0.6 1.9 32.7 1.3 1.8 72.5 0.4 2 2.4 0.7 0.8 0.6 0.1 1.5 0 0 -1.3
"228" 2016 "Derrick Williams" 25 36 11 25 17.9 7.1 2.5 5.6 44.1 0.6 2.1 29.9 1.5 2.3 65.4 0.5 2.6 3.1 0.6 0.7 0.4 0.2 1.3 0 0 -1
"229" 2016 "Josh Huestis" 25 1 0 1 6.9 7 3 4 75 1 2 50 0 0 0 2 2 4 1 0 0 0 0 0 0 -2
"230" 2016 "John Henson" 26 49 20 29 20 7 2.8 5.4 51.3 0 0 0 1.4 2 70.7 1.4 3.7 5 1.1 1 0.6 1.3 2.6 0 0 -1.6
"231" 2016 "Ben McLemore" 24 47 21 26 18.3 7 2.6 6.2 41.7 1 2.6 38.5 0.8 1 80.9 0.3 1.3 1.6 0.8 0.9 0.5 0.1 1.5 0 0 -2.1
"232" 2016 "Patrick Patterson" 27 46 28 18 26.3 7 2.4 6.3 37.7 1.5 4.3 35.2 0.7 1 68.9 1.1 4 5.1 1.3 0.7 0.7 0.4 2 1 0 6.5
"233" 2016 "Willy Hernangomez" 22 54 22 32 16.4 6.9 2.9 5.3 55.3 0.1 0.2 25 1.1 1.4 74 2.1 4.1 6.1 1.1 1.2 0.4 0.6 1.8 5 0 -0.3
"234" 2016 "PJ Tucker" 31 63 22 41 28.2 6.9 2.5 6.1 41.6 0.8 2.3 34.3 1 1.3 77.6 1.6 4.3 5.9 1.2 0.9 1.5 0.3 2.5 3 0 -2.3
"235" 2016 "Mike Muscala" 25 53 29 24 19.1 6.9 2.7 5.3 50.5 0.7 1.7 40.4 0.9 1.1 76.7 1.2 2.5 3.7 1.4 0.8 0.5 0.7 1.5 0 0 -2.3
"236" 2016 "Rajon Rondo" 31 53 26 27 26 6.9 2.9 7.6 38.6 0.5 1.6 31 0.5 0.8 59.5 0.9 4.1 5 6.5 2.4 1.4 0.2 2 5 1 -0.7
"237" 2016 "Anthony Tolliver" 31 51 21 30 23.3 6.9 2.3 5.4 42.7 1.3 3.6 37.2 0.9 1.2 76.2 0.9 2.9 3.8 1.1 0.9 0.6 0.2 1.7 1 0 -1.4
"238" 2016 "Trey Lyles" 21 61 38 23 17.8 6.8 2.5 6.8 36.9 1 3.2 31.6 0.9 1.2 71.2 0.7 2.8 3.5 1.1 1 0.4 0.3 1.4 1 0 0
"239" 2016 "Justin Anderson" 23 57 20 37 14.5 6.8 2.4 5.6 42.3 0.7 2.5 29.3 1.3 1.6 79.6 0.9 2.2 3.1 0.7 0.8 0.5 0.3 1.3 0 0 -3
"240" 2016 "Jared Dudley" 31 46 14 32 20.8 6.7 2.4 5.2 46.6 1.2 3 41 0.6 0.9 65.1 0.5 2.8 3.2 1.7 1.1 0.6 0.3 2.4 0 0 -0.7
"241" 2016 "Andre Iguodala" 33 61 52 9 26 6.7 2.5 5 50 0.8 2.3 35.9 0.9 1.2 71.2 0.8 3.3 4 3.4 0.8 1 0.5 1.3 0 0 6.5
"242" 2016 "Justin Hamilton" 26 51 9 42 19.4 6.7 2.6 6 44.3 0.9 3 30.1 0.5 0.7 70.6 1.2 3.2 4.4 0.9 0.7 0.5 0.8 1.5 1 0 -5.5
"243" 2016 "Andre Roberson" 25 63 35 28 30.5 6.7 2.7 6 45.1 0.7 2.5 25.9 0.6 1.5 43.5 1.2 4 5.2 1 0.7 1.1 1 2.4 2 0 1.2
"244" 2016 "Marcus Thornton" 29 33 15 18 17.4 6.6 2.5 6.4 40 0.8 2.4 35 0.7 0.8 85.2 0.7 1.6 2.3 1.2 0.8 0.6 0.1 1.5 0 0 -4.5
"245" 2016 "Joe Ingles" 29 64 40 24 22.5 6.6 2.3 5 45.8 1.4 3.2 44.1 0.6 0.7 80.9 0.2 2.7 2.9 2.3 1.1 1.2 0.1 1.9 0 0 2.5
"246" 2016 "Larry Nance Jr." 24 44 14 30 22 6.6 2.9 5.2 55.3 0 0.3 15.4 0.8 1.1 73.5 1.7 3.8 5.5 1.5 1 1.2 0.7 2.4 4 0 -2
"247" 2016 "Darrell Arthur" 28 34 15 19 15.8 6.6 2.5 5.4 45.9 1.3 2.9 46.4 0.3 0.4 91.7 0.7 2.1 2.8 1.1 0.9 0.4 0.5 1.9 0 0 -0.8
"248" 2016 "Willie Cauley-Stein" 23 56 22 34 15 6.6 2.8 5.2 54.1 0 0 0 0.9 1.5 61.6 1 2.1 3.1 0.6 0.7 0.6 0.5 1.9 1 0 -2.1
"249" 2016 "Amir Johnson" 29 63 39 24 19.8 6.5 2.7 4.7 56.9 0.3 0.9 40.7 0.8 1.2 66.7 1.6 3.1 4.7 1.7 0.9 0.6 0.7 2.7 0 0 2
"250" 2016 "T.J. McConnell" 24 62 22 40 25.2 6.5 2.8 5.9 47.8 0.1 0.6 22.9 0.7 1 76.3 0.5 2.6 3 6.1 1.8 1.5 0.1 1.8 3 0 -3.9
"251" 2016 "Jaylen Brown" 20 60 37 23 16.7 6.5 2.4 5.3 45.1 0.5 1.5 34.1 1.2 1.8 68.5 0.6 2.3 2.9 0.8 0.8 0.5 0.3 1.8 0 0 -1.5
"252" 2016 "Rodney McGruder" 25 60 29 31 25.7 6.5 2.4 5.9 41.1 1 2.9 35.7 0.6 0.9 66.1 1.3 2 3.3 1.4 0.6 0.7 0.2 1.8 0 0 0
"253" 2016 "Dwight Powell" 25 60 24 36 17.5 6.4 2.5 4.7 53.4 0.1 0.5 22.2 1.4 1.8 76.6 1.3 2.8 4.1 0.7 0.4 0.9 0.6 1.8 1 0 -1.5
"254" 2016 "Zaza Pachulia" 33 51 43 8 18.5 6.4 2.4 4.4 55.2 0 0 0 1.6 2 77.7 2.1 3.9 5.9 1.9 1.2 0.9 0.5 2.3 2 0 7.3
"255" 2016 "Mirza Teletovic" 31 52 25 27 15.7 6.4 2.2 5.9 36.9 1.5 4.3 34.4 0.5 0.7 77.8 0.2 2.1 2.3 0.7 0.6 0.2 0.2 1.5 0 0 2
"256" 2016 "Solomon Hill" 25 62 25 37 28.7 6.4 2.1 5.5 37.8 1 3.2 33.2 1.2 1.4 82 0.6 3.1 3.7 1.7 1 0.9 0.4 2.3 0 0 -0.9
"257" 2016 "Kosta Koufos" 28 63 25 38 19.7 6.3 2.9 5.2 56.4 0 0 0 0.5 0.9 58.2 1.7 4 5.7 0.6 0.9 0.5 0.6 2.4 4 0 -2.1
"258" 2016 "Kyle O'Quinn" 26 62 25 37 15.4 6.3 2.8 5.2 53.4 0 0.2 8.3 0.7 1 73 2.1 3.5 5.6 1.4 1 0.5 1.3 2.2 6 0 -1.1
"259" 2016 "Ian Clark" 26 58 48 10 13.6 6.3 2.4 5.1 48.1 0.8 2.1 40 0.6 0.8 77.3 0.3 1.1 1.4 1.2 0.6 0.5 0.1 0.9 0 0 1
"260" 2016 "Glenn Robinson III" 23 61 31 30 21.6 6.3 2.4 5 47.1 0.7 1.8 40.2 0.8 1.1 71.2 0.9 2.8 3.6 0.8 0.6 0.6 0.3 1 3 0 -0.4
"261" 2016 "Dante Exum" 21 49 30 19 18.3 6.2 2.4 5.6 42.4 0.6 2.3 27 0.8 1 82 0.4 1.4 1.8 1.7 1.2 0.3 0.2 2.2 0 0 -1.5
"262" 2016 "Ramon Sessions" 30 50 23 27 16.2 6.2 2 5.3 38 0.4 1.2 33.9 1.8 2.4 77.1 0.2 1.2 1.5 2.6 0.9 0.5 0.1 0.9 0 0 -1.6
"263" 2016 "Jonathan Gibson" 29 17 4 13 13.6 6.2 2.1 5.6 36.8 0.9 2.6 33.3 1.2 1.7 72.4 0.1 1.2 1.3 1.5 1.2 0.5 0 1.2 0 0 -4.9
"264" 2016 "Dante Cunningham" 29 49 20 29 25 6.2 2.4 5.5 44.1 1.1 2.9 38.5 0.2 0.4 60 0.8 3.2 4 0.7 0.5 0.5 0.4 1.6 0 0 -1.2
"265" 2016 "Chandler Parsons" 28 33 18 15 19.7 6.2 2.2 6.5 34 0.7 2.8 26.4 1.1 1.3 81.4 0.2 2.3 2.5 1.6 0.7 0.6 0.1 1.5 0 0 -1.1
"266" 2016 "Bismack Biyombo" 24 63 23 40 23.4 6.2 2.3 4.3 53.3 0 0 0 1.6 3.1 50.3 2 5.3 7.3 1 1.3 0.3 1.2 2.5 9 0 -3.8
"267" 2016 "Omri Casspi" 28 23 9 14 18.3 6.1 2.5 5.5 46 0.6 1.4 39.4 0.5 0.9 57.1 0.9 3.1 4 1.1 0.8 0.4 0 1.1 0 0 -0.9
"268" 2016 "Luc Mbah a Moute" 30 61 36 25 22.6 6.1 2.4 4.9 49.3 0.5 1.4 37.9 0.8 1.1 71.6 0.7 1.6 2.3 0.4 0.6 1.1 0.5 1.7 0 0 2.6
"269" 2016 "Devin Harris" 34 45 22 23 16.7 6.1 1.9 5.1 36.8 0.8 2.6 32.5 1.5 1.9 81.2 0.2 1.8 2 2 0.8 0.6 0.1 1.5 0 0 0.7
"270" 2016 "Nemanja Bjelica" 28 60 25 35 17.7 6.1 2.3 5.4 42 0.9 2.8 31.5 0.7 0.9 74.5 0.7 2.8 3.5 1.2 0.9 0.6 0.3 2.3 2 0 -0.5
"271" 2016 "Jonathon Simmons" 27 58 48 10 17.6 6.1 2.2 5.2 43 0.3 1.2 27.9 1.3 1.7 76 0.3 1.9 2.2 1.5 1 0.6 0.4 1.8 0 0 3.3
"272" 2016 "Jerami Grant" 22 62 32 30 21 6 2.1 4.5 46.4 0.5 1.5 36.3 1.3 2.1 62.4 0.5 2.3 2.7 0.6 0.6 0.5 1.1 2 0 0 -3.2
"273" 2016 "Jordan Farmar" 30 2 1 1 17.7 6 2 6 33.3 2 4.5 44.4 0 0 0 0.5 1 1.5 4.5 1.5 1 0 0.5 0 0 -0.5
"274" 2016 "Domantas Sabonis" 20 63 35 28 21 6 2.5 6 41 0.7 2.1 31.6 0.4 0.6 64.1 0.6 3.1 3.6 1 1 0.5 0.4 2.5 2 0 -0.7
"275" 2016 "Andrew Harrison" 22 57 32 25 20.9 6 1.6 5.1 31.9 0.6 2.2 27.3 2.1 2.8 77.2 0.3 1.5 1.8 2.8 1.2 0.8 0.3 2.8 0 0 -0.3
"276" 2016 "Leandro Barbosa" 34 59 19 40 13.6 6 2.5 5.5 45 0.5 1.4 37.5 0.5 0.5 87.5 0.2 1.3 1.5 1.2 0.6 0.4 0.1 1.2 0 0 -0.4
"277" 2016 "Alex Abrines" 23 52 27 25 15.1 6 1.9 4.8 40.9 1.3 3.4 39.5 0.7 0.8 88.4 0.3 0.9 1.1 0.5 0.5 0.4 0.1 1.8 0 0 -0.8
"278" 2016 "Kelly Oubre Jr." 21 59 35 24 20 5.9 2.2 5.4 40.6 0.7 2.5 29.3 0.8 1.1 75.8 0.7 2.6 3.2 0.6 0.7 0.7 0.2 2.5 1 0 -1.1
"279" 2016 "Lance Thomas" 28 39 14 25 20.1 5.9 2.1 5.3 40 0.8 1.7 45.6 0.9 1.1 83.3 0.6 2 2.6 0.6 0.6 0.5 0.1 1.8 0 0 -4.2
"280" 2016 "JaVale McGee" 29 58 47 11 9.4 5.9 2.6 4 64.8 0 0.1 0 0.7 1.4 50.6 1.1 1.9 3 0.2 0.6 0.2 0.7 1.4 0 0 3.4
"281" 2016 "Ivica Zubac" 19 27 6 21 14.1 5.9 2.6 5.2 49.6 0 0 0 0.7 1.1 63.3 1.1 2.7 3.8 0.6 0.8 0.3 0.9 1.4 3 0 -3.9
"282" 2016 "Delon Wright" 24 8 5 3 16.4 5.9 1.8 3.8 46.7 0.4 1.3 30 2 2.5 80 0.1 0.9 1 1.3 0.5 0.6 0.8 1.3 0 0 2.8
"283" 2016 "Tarik Black" 25 51 18 33 16.2 5.9 2.3 4.5 50.2 0 0 50 1.3 1.8 73.1 2.3 3 5.3 0.7 0.9 0.4 0.6 2.8 2 0 -0.5
"284" 2016 "Jerian Grant" 24 52 23 29 16.2 5.7 1.9 4.7 41.7 0.7 2 36.9 1.1 1.3 87.9 0.2 1.3 1.6 1.7 0.7 0.7 0.1 1.5 0 0 0.2
"285" 2016 "Terry Rozier" 22 59 36 23 17.9 5.7 2.1 5.6 37.3 0.8 2.4 34.5 0.7 0.9 77.4 0.5 2.6 3.1 1.7 0.6 0.6 0.2 1 0 0 0.3
"286" 2016 "Quincy Acy" 26 22 3 19 11.1 5.7 1.8 3.8 48.2 0.9 2 46.5 1.1 1.5 78.1 0.6 1.5 2.1 0.1 0.4 0.2 0.4 1.6 0 0 -1.7
"287" 2016 "Beno Udrih" 34 30 15 15 14 5.7 2.3 5 45.3 0.3 0.9 35.7 0.8 0.9 92.3 0.2 1.1 1.3 3 0.8 0.2 0 0.7 0 0 1.5
"288" 2016 "Mindaugas Kuzminskas" 27 54 21 33 14.2 5.7 2.1 5 41.5 0.7 2.3 31.7 0.8 1 79.2 0.7 1.2 1.8 1 0.7 0.5 0.2 1.1 0 0 0.2
"289" 2016 "Richard Jefferson" 36 61 42 19 20.1 5.6 1.9 4.4 44.2 0.7 2.3 31.2 1 1.3 75.6 0.4 2 2.4 1 0.7 0.3 0.1 1.9 1 0 2.2
"290" 2016 "Meyers Leonard" 25 53 22 31 16.3 5.6 2 5.3 37.9 1 3 34 0.6 0.7 86.1 0.4 2.8 3.2 0.9 0.5 0.1 0.4 2.3 1 0 -1.9
"291" 2016 "Joffrey Lauvergne" 25 52 31 21 14.3 5.6 2.2 4.8 45.6 0.5 1.5 34.6 0.7 1.1 63.8 1 2.6 3.6 1 0.8 0.4 0.1 1.4 0 0 -1.5
"292" 2016 "Malcolm Delaney" 27 63 34 29 17.5 5.6 2.1 5.5 38.2 0.4 1.5 24.2 1 1.3 81 0.2 1.5 1.7 2.7 1.3 0.6 0 1.6 0 0 0.9
"293" 2016 "Brandon Bass" 31 41 21 20 11.6 5.6 2.1 3.7 57.6 0 0.1 33.3 1.3 1.5 88.3 0.8 1.7 2.5 0.5 0.6 0.2 0.2 0.9 0 0 -2
"294" 2016 "Toney Douglas" 30 20 13 7 18.6 5.6 2.1 5.6 36.9 0.4 2.1 16.7 1.1 1.4 81.5 0.6 2.3 2.9 2.7 1.1 0.9 0.3 2.4 0 0 1.6
"295" 2016 "Anthony Morrow" 31 42 21 21 15.1 5.5 2.1 5.3 39 0.9 2.9 30 0.5 0.6 88.5 0.3 0.4 0.7 0.5 0.2 0.5 0 1 0 0 -1
"296" 2016 "Cameron Payne" 22 25 13 12 15.8 5.5 2.2 6.7 32.9 1 2.9 32.9 0.2 0.2 100 0.1 1.4 1.5 2 0.8 0.4 0.2 1.7 0 0 -2.6
"297" 2016 "Bobby Portis" 22 45 20 25 13.6 5.5 2.2 4.7 47.2 0.4 1.2 36.5 0.6 0.9 69 1.1 2.8 3.9 0.5 0.6 0.2 0.2 1.3 1 0 -1.3
"298" 2016 "Randy Foye" 33 49 8 41 18.6 5.5 1.9 4.9 38.5 1.1 3 36.1 0.7 0.8 82.1 0.2 2.2 2.4 2 1.3 0.4 0.1 1.5 0 0 -3.7
"299" 2016 "Alan Williams" 24 29 8 21 11 5.4 2.3 4.2 56.2 0 0 0 0.7 1.3 53.8 1.8 2.9 4.7 0.3 0.8 0.5 0.8 2.1 7 0 2.1
"300" 2016 "Gerald Green" 31 37 26 11 11.5 5.4 2 5 39.8 0.8 2.3 35.3 0.6 0.7 80.8 0.4 1.4 1.9 0.8 0.5 0.2 0.1 1.1 0 0 -0.3
"301" 2016 "Dewayne Dedmon" 27 56 43 13 17.3 5.3 2.2 3.4 64.1 0 0 0 0.9 1.3 71.8 1.6 4.9 6.5 0.6 0.8 0.5 0.8 2.4 5 0 3.4
"302" 2016 "Troy Williams" 22 24 15 9 17.4 5.3 2.1 5.1 41.8 0.4 1.7 24.4 0.6 1 60 0.3 1.6 1.9 0.8 1.1 1 0.4 1.8 0 0 -2.7
"303" 2016 "Mike Dunleavy" 36 42 29 13 16.1 5.2 1.8 4.1 43.1 1 2.6 39.4 0.6 0.8 76.5 0.3 1.9 2.2 0.9 0.6 0.3 0.1 1.3 0 0 -0.3
"304" 2016 "Hollis Thompson" 25 38 11 27 19 5.2 1.9 5.1 38.5 0.8 2.4 34.4 0.5 0.8 65.5 0.4 2.3 2.7 0.8 0.3 0.5 0.2 1.8 0 0 -1.9
"305" 2016 "Willie Reed" 26 53 28 25 14.5 5.2 2.3 4.1 55.6 0 0.1 33.3 0.6 1.1 56.7 1.8 2.9 4.7 0.3 0.4 0.2 0.7 1.7 4 0 1.2
"306" 2016 "Shaun Livingston" 31 58 48 10 17.4 5.1 2.3 4.3 54.3 0 0 0 0.5 0.8 63 0.4 1.6 1.9 1.7 0.8 0.5 0.3 1.6 0 0 0.9
"307" 2016 "Isaiah Canaan" 25 34 15 19 16.9 5.1 1.8 4.8 37.2 0.7 2.6 27.3 0.8 0.9 90.3 0.2 1.2 1.4 1 0.6 0.6 0 1 0 0 -2.8
"308" 2016 "Luis Scola" 36 36 7 29 12.8 5.1 2 4.2 47 0.5 1.4 34 0.7 1 67.6 1.4 2.4 3.9 1 0.9 0.4 0.1 1.8 1 0 -2.3
"309" 2016 "Roy Hibbert" 30 43 20 23 15.7 5 1.8 3.3 54.2 0 0 0 1.4 1.7 81.3 1.2 2.3 3.5 0.5 0.7 0.2 1 2.3 1 0 -0.3
"310" 2016 "Joakim Noah" 32 46 17 29 22.1 5 2.2 4.4 49 0 0 0 0.7 1.7 43.6 3.5 5.2 8.8 2.2 1.3 0.7 0.8 2.8 5 0 -3.1
"311" 2016 "Archie Goodwin" 22 3 1 2 9.9 5 0.7 1.7 40 0.3 0.7 50 3.3 3.3 100 0 0 0 0.3 0 0 0.3 0.3 0 0 -0.7
"312" 2016 "Anthony Bennett" 23 23 3 20 11.5 5 1.7 4 41.3 0.6 2.1 27.1 1.1 1.6 72.2 1.1 2.3 3.4 0.5 0.5 0.2 0.1 0.8 0 0 -3
"313" 2016 "Lucas Nogueira" 24 51 30 21 20.7 5 2 3 68.2 0.1 0.2 33.3 0.9 1.3 65.7 1.6 3 4.6 0.8 0.9 1 1.7 2.6 0 0 3.3
"314" 2016 "Aaron Brooks" 32 49 27 22 13.7 5 1.9 4.7 40.1 0.7 2.1 33 0.5 0.6 79.3 0.3 0.8 1.1 2.1 1 0.5 0.2 1.3 0 0 -0.3
"315" 2016 "Jason Smith" 31 55 34 21 13.1 4.9 2.2 4 54.6 0.2 0.4 47.6 0.4 0.7 66.7 1 2.3 3.3 0.4 0.8 0.3 0.7 2.2 0 0 -1.5
"316" 2016 "Cristiano Felicio" 24 54 26 28 16 4.9 1.9 3.4 57.1 0 0 0 1 1.6 65.1 2.1 2.8 4.9 0.6 0.5 0.4 0.3 1.8 3 0 -1.4
"317" 2016 "Chasson Randle" 24 10 3 7 10.1 4.9 1.4 3.3 42.4 0.6 1.6 37.5 1.5 1.5 100 0.1 0.9 1 1.1 0.3 0.3 0.1 1.3 0 0 1.9
"318" 2016 "Trey Burke" 24 53 32 21 12.4 4.9 2 4.5 44.2 0.5 1.2 41.9 0.4 0.5 74.1 0.1 0.7 0.8 1.8 0.8 0.2 0.1 1 0 0 -2.6
"319" 2016 "Josh McRoberts" 30 22 6 16 17.3 4.9 2 5.4 37.3 0.6 1.4 41.9 0.3 0.4 66.7 1 2.3 3.4 2.3 1 0.5 0.2 1.4 0 0 -3.3
"320" 2016 "Luke Babbitt" 27 55 28 27 15.6 4.8 1.7 4.1 40.1 1.3 3 42.3 0.2 0.3 73.3 0.2 1.9 2.1 0.5 0.3 0.3 0.2 1.7 0 0 -0.1
"321" 2016 "Kris Humphries" 32 45 26 19 11.8 4.7 1.6 3.6 44.8 0.3 0.9 36.6 1.1 1.4 79 1 2.4 3.4 0.5 0.5 0.2 0.4 1.2 0 0 -0.7
"322" 2016 "Aron Baynes" 30 60 30 30 15.3 4.6 1.8 3.5 50 0 0 0 1.1 1.4 84 1.2 2.8 4 0.4 0.6 0.3 0.5 2.2 0 0 2.2
"323" 2016 "Skal Labissiere" 20 14 2 12 10 4.6 1.8 3.4 53.2 0 0.1 0 1 1.2 82.4 1.4 1.8 3.2 0.3 0.6 0.4 0.1 0.9 0 0 1.8
"324" 2016 "Paul Zipser" 23 26 12 14 16.2 4.5 1.6 4.1 38.7 0.6 1.9 30 0.8 1 77.8 0.3 2 2.4 0.5 0.7 0.3 0.2 1.3 0 0 -0.5
"325" 2016 "Dorian Finney-Smith" 23 61 26 35 20.8 4.5 1.6 4 39.9 0.7 2.3 31 0.6 0.8 75.5 0.6 2 2.7 0.8 0.6 0.7 0.3 1.7 0 0 -0.5
"326" 2016 "Reggie Williams" 30 6 1 5 13.2 4.5 1.3 3.8 34.8 0.8 1.8 45.5 1 1.2 85.7 0.3 0.7 1 0.7 0 0.5 0 0.3 0 0 -4
"327" 2016 "Boris Diaw" 34 55 34 21 17.7 4.5 1.9 4.4 43.6 0.3 1.1 23.8 0.4 0.5 75.9 0.5 1.4 1.9 2.2 1.4 0.2 0.1 1.2 0 0 0.8
"328" 2016 "C.J. Watson" 32 49 16 33 16.5 4.5 1.5 3.8 38.7 0.5 1.5 34.7 1 1.2 86 0.2 1.2 1.4 1.8 0.8 0.7 0 1.2 0 0 -2.4
"329" 2016 "Kevin Seraphin" 27 37 15 22 11.8 4.5 2.2 3.9 54.8 0 0.1 0 0.1 0.3 50 0.9 2.1 3 0.5 0.6 0.2 0.4 1.4 0 0 -2.9
"330" 2016 "Donatas Motiejunas" 26 24 10 14 15 4.5 1.7 3.7 44.9 0.4 1.4 27.3 0.8 1.5 50 0.8 2.5 3.3 1.1 1.1 0.5 0.3 2 0 0 -2.6
"331" 2016 "Mario Hezonja" 22 47 14 33 12.4 4.4 1.7 4.4 37.5 0.6 1.9 33 0.4 0.6 76.9 0.2 1.6 1.8 0.8 0.9 0.4 0.2 1.1 0 0 -3.4
"332" 2016 "Pierre Jackson" 25 8 4 4 10.6 4.4 1.6 4.9 33.3 0.4 1.4 27.3 0.8 0.9 85.7 0.1 1 1.1 2.4 0.4 0.3 0 0.6 0 0 6.9
"333" 2016 "Alexis Ajinca" 28 27 10 17 14.9 4.4 1.8 4.1 44.5 0 0.1 0 0.7 1 71.4 1.1 3.3 4.3 0.3 0.9 0.6 0.7 1.9 1 0 -1.8
"334" 2016 "Jordan McRae" 25 37 26 11 10.4 4.4 1.6 4.1 38.7 0.5 1.4 35.3 0.7 0.9 79.4 0.2 0.9 1.1 0.5 0.4 0.2 0.2 0.8 0 0 -1.6
"335" 2016 "Ed Davis" 27 46 19 27 17.2 4.3 1.6 3.1 52.8 0 0 0 1.1 1.8 61.7 2.1 3.2 5.3 0.6 0.8 0.3 0.5 3 3 0 -2.8
"336" 2016 "Norris Cole" 28 3 0 3 15.2 4.3 1.7 6 27.8 0.3 1.7 20 0.7 0.7 100 0 1.7 1.7 1.3 1 0.3 0 2 0 0 -3.3
"337" 2016 "Juan Hernangomez" 21 46 21 25 12.3 4.3 1.4 3.1 45.8 0.6 1.5 42 0.8 1.2 72.2 0.8 2 2.8 0.4 0.4 0.5 0.2 1 1 0 -0.6
"338" 2016 "David West" 36 49 41 8 11.7 4.3 1.8 3.4 53.6 0 0.1 50 0.6 0.8 73.2 0.6 2.2 2.8 2.1 1 0.6 0.6 1.5 0 0 1.9
"339" 2016 "Pascal Siakam" 22 49 31 18 16.5 4.3 1.9 3.8 50.3 0 0.1 0 0.4 0.7 68.8 1.2 2.2 3.4 0.3 0.6 0.5 0.9 2.1 0 0 -1.7
"340" 2016 "Quinn Cook" 23 4 3 1 15.1 4.3 1.8 4.5 38.9 0.8 2.8 27.3 0 0.5 0 0 0.8 0.8 2.3 1.5 0 0 1.3 0 0 0.5
"341" 2016 "Reggie Bullock" 25 17 8 9 13.9 4.2 1.7 3.9 43.9 0.6 1.9 31.3 0.2 0.4 66.7 0.4 1.4 1.8 0.9 0.4 0.4 0.2 0.9 0 0 -2.4
"342" 2016 "Stanley Johnson" 20 59 29 30 16.9 4.2 1.6 4.2 38 0.5 1.7 30 0.5 0.7 65.9 0.5 1.9 2.4 1.3 0.8 0.7 0.3 1.6 0 0 -0.1
"343" 2016 "Timothe Luwawu-Cabarrot" 21 50 18 32 12.6 4.2 1.3 3.5 38.2 0.3 1.2 27.9 1.2 1.5 80.8 0.3 1.3 1.6 0.7 0.9 0.3 0.1 1.8 0 0 -1.9
"344" 2016 "Corey Brewer" 31 63 40 23 15.5 4.1 1.6 3.9 41.8 0.4 1.6 23.2 0.5 0.7 73.9 0.3 1.6 1.9 1.1 0.6 0.6 0.2 1.7 0 0 1.6
"345" 2016 "Davis Bertans" 24 51 42 9 11.2 4.1 1.4 3.1 44.3 0.9 2.3 39.7 0.5 0.6 80 0.3 1 1.3 0.7 0.5 0.3 0.4 1.1 0 0 2.3
"346" 2016 "Jonas Jerebko" 30 62 40 22 16.7 4.1 1.6 3.5 44.3 0.6 1.8 35.5 0.4 0.4 81.5 0.8 2.7 3.5 0.8 0.6 0.4 0.3 1.7 0 0 0.4
"347" 2016 "Cheick Diallo" 20 10 5 5 9.6 4.1 1.7 4 42.5 0 0 0 0.7 1 70 1.3 2 3.3 0.3 0.2 0.3 0.3 0.9 1 0 -1.7
"348" 2016 "Tyler Ulis" 21 42 12 30 10.6 4.1 1.7 3.9 43 0.2 0.5 36.4 0.5 0.6 88 0.2 0.6 0.8 1.9 0.8 0.7 0 0.9 0 0 0.9
"349" 2016 "Brandon Rush" 31 28 10 18 19.5 4 1.4 3.8 37.4 0.9 2.3 39.7 0.3 0.4 70 0.3 1.8 2.1 0.7 0.5 0.5 0.5 0.7 0 0 0.2
"350" 2016 "Adreian Payne" 26 12 4 8 7.7 4 1.4 3.3 43.6 0.2 0.8 20 1 1.3 80 0.5 1.2 1.7 0.3 0.6 0.4 0.3 1.8 0 0 -1.5
"351" 2016 "Justin Harper" 27 3 1 2 10.4 4 1.7 4 41.7 0.7 2.3 28.6 0 0 0 1 1 2 0.7 1.3 0 0 0.7 0 0 -3.7
"352" 2016 "Kay Felder" 21 37 24 13 9.5 4 1.5 3.7 39.4 0.2 0.5 35 0.9 1.2 71.1 0.1 0.9 1 1.3 0.7 0.4 0.2 1 0 0 -1.2
"353" 2016 "Denzel Valentine" 23 38 18 20 13.8 3.9 1.4 3.9 35.3 0.9 2.8 33.3 0.2 0.3 70 0.1 1.8 1.9 0.9 0.8 0.5 0.1 1.1 0 0 -1.8
"354" 2016 "Anthony Brown" 24 11 3 8 14.5 3.9 1.6 4.5 36 0.6 2.5 25.9 0 0 0 0.7 2.3 3 0.7 0.5 0.5 0.1 1.4 0 0 0.4
"355" 2016 "Thomas Robinson" 25 36 10 26 10.9 3.9 1.7 3.3 52.5 0 0 0 0.4 1 43.2 1.8 2.6 4.4 0.6 0.8 0.6 0.3 1.5 0 0 -2.9
"356" 2016 "Jarell Martin" 22 40 23 17 13.4 3.9 1.4 3.6 37.8 0.2 0.6 36 1 1.2 79.2 0.9 2.9 3.9 0.2 0.7 0.4 0.2 2.3 1 0 -1.3
"357" 2016 "Johnny O'Bryant III" 23 10 4 6 7.7 3.8 1.5 2.9 51.7 0.3 0.6 50 0.5 0.6 83.3 0.9 1 1.9 0.5 0.6 0 0.1 0.9 0 0 -1.6
"358" 2016 "Jason Terry" 39 54 24 30 17.7 3.8 1.3 3.1 41.7 0.9 2.3 41.5 0.3 0.3 77.8 0.2 1 1.2 1.3 0.4 0.6 0.3 1.3 0 0 2
"359" 2016 "Boban Marjanovic" 28 24 13 11 6.7 3.8 1.4 3 47.9 0 0 0 0.9 1.2 75.9 1.3 1.9 3.1 0.2 0.3 0.1 0.3 0.5 2 0 0.2
"360" 2016 "Taurean Prince" 22 40 19 21 11.8 3.8 1.3 3.3 38.5 0.4 1.2 30.4 0.9 1.1 85.7 0.4 1.9 2.3 0.7 0.8 0.5 0.3 1.2 0 0 -0.5
"361" 2016 "Patrick McCaw" 21 53 43 10 13.4 3.7 1.4 3.1 44.2 0.6 1.7 37.4 0.4 0.5 71.4 0.2 1 1.3 0.9 0.5 0.4 0.2 0.8 0 0 -0.3
"362" 2016 "Okaro White" 24 21 17 4 16 3.7 1.2 3 39.7 0.5 1.1 41.7 0.9 1 90 0.9 2 2.9 0.7 0.6 0.3 0.4 1.9 0 0 3.3
"363" 2016 "Paul Pierce" 39 13 7 6 11.8 3.7 1.2 3.2 36.6 0.8 2.1 37 0.6 0.8 80 0 1.4 1.4 0.2 0.6 0.2 0.2 1.9 0 0 -0.2
"364" 2016 "Malachi Richardson" 21 22 9 13 9 3.6 1.3 3.1 41.2 0.4 1.3 28.6 0.7 0.9 78.9 0.1 0.9 1 0.5 0.4 0.2 0 1 0 0 -0.8
"365" 2016 "Kris Dunn" 22 58 24 34 16.5 3.6 1.4 3.7 37.3 0.3 0.9 28.8 0.5 0.9 58.5 0.3 1.8 2.1 2.4 1.2 0.8 0.4 2.1 0 0 -1.2
"366" 2016 "Tyus Jones" 20 40 17 23 12.6 3.6 1.2 3.1 39.8 0.6 1.5 37.3 0.6 0.8 76.7 0.2 0.9 1 2.4 0.6 0.7 0.1 0.8 0 0 1.5
"367" 2016 "Tyler Zeller" 27 40 23 17 11.1 3.6 1.6 3.3 48.1 0 0 0 0.4 0.7 59.3 1 1.8 2.7 0.9 0.4 0.2 0.5 1.3 1 0 0.7
"368" 2016 "Thon Maker" 20 37 18 19 8.2 3.5 1.2 2.8 43.3 0.6 1.3 43.8 0.5 0.8 65.5 0.5 1.2 1.6 0.3 0.2 0.2 0.4 1.4 0 0 -0.9
"369" 2016 "Shabazz Napier" 25 37 15 22 8.5 3.5 1.2 3.1 38.6 0.6 1.8 33.8 0.5 0.7 69.2 0.1 0.9 1 1 0.7 0.6 0 0.6 0 0 0.4
"370" 2016 "Dejounte Murray" 20 35 28 7 8 3.4 1.3 3 43.4 0.3 0.6 40.9 0.5 0.8 70.4 0.1 0.8 0.9 1.2 1.1 0.2 0.1 0.7 0 0 0.1
"371" 2016 "Wade Baldwin IV" 20 24 15 9 12.9 3.4 1.1 3.5 31 0.1 0.8 11.1 1.1 1.3 84.4 0.3 1.1 1.4 2 1.3 0.5 0.3 1.3 0 0 -4
"372" 2016 "Ian Mahinmi" 30 11 7 4 14.9 3.4 1 2.4 42.3 0 0 0 1.4 2.5 55.6 1.2 2.2 3.4 0.5 0.9 0.9 0.9 2.5 0 0 -3.6
"373" 2016 "Jared Sullinger" 25 11 2 9 10.7 3.4 1.4 4.3 31.9 0.3 1.6 16.7 0.4 0.7 50 0.9 1.5 2.5 0.3 0.4 0.4 0.1 1.5 0 0 -2.7
"374" 2016 "Jose Calderon" 35 24 6 18 12.2 3.3 1.3 3.2 41.6 0.5 1.4 35.3 0.2 0.2 100 0.3 1.4 1.8 2.1 1.1 0.3 0 0.9 0 0 -5.5
"375" 2016 "Noah Vonleh" 21 53 23 30 13.6 3.3 1.3 3.2 41.9 0.1 0.4 35 0.5 0.9 55.1 1.3 2.8 4.2 0.2 0.8 0.4 0.3 1.7 0 0 -2
"376" 2016 "Nicolas Laprovittola" 27 18 15 3 9.7 3.3 1.1 2.6 42.6 0.6 1.5 37 0.5 0.5 100 0.1 0.5 0.6 1.6 1.1 0.2 0.1 1.1 0 0 -2.4
"377" 2016 "Ron Baker" 23 34 9 25 12.3 3.2 1.2 3.2 36.7 0.4 1.4 30.6 0.4 0.8 57.7 0.2 1.4 1.6 1.4 0.9 0.6 0.1 1.1 0 0 -0.2
"378" 2016 "Dragan Bender" 19 38 11 27 12.7 3.2 1.2 3.3 37.1 0.7 2.1 32.1 0.1 0.2 37.5 0.4 1.7 2.2 0.4 0.7 0.2 0.5 1.6 1 0 0
"379" 2016 "Derrick Jones, Jr." 20 13 4 9 8.2 3.2 1.4 1.8 78.3 0 0 0 0.4 0.4 100 0.3 0.3 0.6 0.3 0.3 0.2 0.5 1.2 0 0 2.2
"380" 2016 "Darrun Hilliard" 23 28 15 13 10.5 3.1 1.1 3.4 32.3 0.3 1.3 25 0.6 0.9 70.8 0.1 0.9 1 0.8 0.7 0.3 0 1.1 0 0 -0.2
"381" 2016 "Rashad Vaughn" 20 29 13 16 10.5 3.1 1.2 3.4 35 0.7 2 33.9 0 0.1 50 0 1.2 1.2 0.4 0.2 0.4 0.2 0.6 0 0 -1.2
"382" 2016 "Wesley Johnson" 29 55 32 23 12.6 3.1 1.2 3.2 37.4 0.5 1.9 26.5 0.2 0.3 64.7 0.5 2.5 3 0.4 0.3 0.5 0.5 1.4 0 0 -0.1
"383" 2016 "Chinanu Onuaku" 20 2 1 1 4.9 3 1 1 100 0 0 0 1 1 100 0.5 1 1.5 0.5 0 0.5 0 0.5 0 0 -6
"384" 2016 "Jarrett Jack" 33 2 1 1 16.5 3 1 1.5 66.7 0 0.5 0 1 1 100 0 0 0 2.5 1.5 1 0 2 0 0 -3
"385" 2016 "Kyle Anderson" 23 54 42 12 12.9 3 1.1 2.5 43 0.2 0.5 38.5 0.6 0.8 79.5 0.4 2.1 2.6 1.1 0.5 0.6 0.4 0.7 0 0 1.9
"386" 2016 "Alan Anderson" 34 25 16 9 10.9 3 1 2.9 35.6 0.5 1.6 30 0.4 0.5 76.9 0.1 0.8 1 0.4 0.3 0.1 0 1.1 0 0 -2.4
"387" 2016 "Fred VanVleet" 23 24 15 9 6.9 3 1.1 2.9 37.7 0.3 0.8 42.1 0.5 0.5 84.6 0.1 0.9 1 0.8 0.3 0.5 0 0.9 0 0 1.1
"388" 2016 "James Jones" 36 38 24 14 7.7 2.9 1 1.8 54.4 0.8 1.3 56.9 0.2 0.4 64.3 0.1 0.6 0.7 0.3 0.2 0.1 0.2 0.8 0 0 -1.8
"389" 2016 "Semaj Christon" 24 45 24 21 14 2.9 1.2 3.7 33.9 0.2 1 18.2 0.3 0.6 48 0.3 1 1.3 2.1 0.7 0.3 0.1 1.2 0 0 -2.2
"390" 2016 "Andrew Bogut" 32 27 8 19 21.6 2.9 1.4 3 46.9 0 0 0 0.1 0.4 27.3 2 6 8 1.8 1.6 0.5 0.9 3.2 0 0 -1.3
"391" 2016 "Tomas Satoransky" 25 44 27 17 13.6 2.9 1.1 2.7 41.2 0.2 0.7 24.1 0.5 0.6 75 0.5 1.2 1.7 1.8 0.8 0.5 0.1 1.2 1 0 0.3
"392" 2016 "DeAndre' Bembry" 22 29 14 15 9.9 2.8 1.3 2.7 48.7 0 0.4 0 0.2 0.5 42.9 0.3 1.1 1.4 0.7 0.3 0.2 0.1 0.6 0 0 -1.7
"393" 2016 "Lavoy Allen" 28 46 24 22 14.5 2.8 1.3 2.8 45 0 0 0 0.3 0.5 63.6 1.4 1.9 3.3 1 0.5 0.3 0.3 1.3 2 0 -1.9
"394" 2016 "Kevon Looney" 21 45 39 6 9 2.8 1.2 2 57.8 0 0.2 25 0.5 0.7 65.6 0.8 1.6 2.4 0.6 0.3 0.3 0.4 1.4 0 0 0.4
"395" 2016 "James Michael McAdoo" 24 35 29 6 8.9 2.8 1.3 2.2 57.7 0 0.1 0 0.2 0.5 44.4 0.6 1.1 1.7 0.4 0.4 0.3 0.5 1 0 0 -0.7
"396" 2016 "DeAndre Liggins" 28 49 33 16 13.9 2.8 1 2.6 39.2 0.3 0.9 38.6 0.4 0.7 63.6 0.3 1.4 1.7 1 0.7 0.8 0.3 1.4 0 0 1
"397" 2016 "Omer Asik" 30 31 12 19 15.6 2.7 1 2.1 47.7 0 0 0 0.7 1.3 59 1.5 3.7 5.3 0.5 0.5 0.2 0.3 1.6 1 0 -1.9
"398" 2016 "Brian Roberts" 31 27 12 15 8.5 2.7 0.7 2.2 33.3 0.3 0.9 39.1 0.9 1.1 86.2 0.1 0.9 1 1.2 0.5 0.1 0 0.4 0 0 -1.2
"399" 2016 "Marcelo Huertas" 33 23 5 18 10.3 2.7 1.1 3 36.8 0.2 0.8 21.1 0.4 0.7 52.9 0.1 1 1 2.3 0.8 0.4 0.1 0.7 0 0 -1.9
"400" 2016 "Salah Mejri" 30 56 23 33 13 2.7 1.1 1.7 66.7 0 0 0 0.4 0.7 63.2 1.4 3.1 4.4 0.2 0.6 0.5 1 2.3 1 0 -0.2
"401" 2016 "Sheldon McClellan" 24 27 16 11 9.3 2.7 0.9 2.4 37.5 0.2 1 23.1 0.7 0.8 85.7 0.1 1 1.1 0.6 0.1 0.3 0.1 0.6 0 0 -1.9
"402" 2016 "Malik Beasley" 20 18 8 10 4.9 2.7 1 2.4 41.9 0.3 0.9 35.3 0.3 0.4 75 0.1 0.3 0.4 0.3 0.2 0.2 0 0.3 0 0 1.6
"403" 2016 "Miles Plumlee" 28 37 16 21 10.2 2.6 1 2.1 48.1 0 0 0 0.6 0.9 62.9 0.8 1.2 2 0.5 0.7 0.3 0.3 1.5 0 0 -1.4
"404" 2016 "Jeff Withey" 27 34 23 11 7.8 2.6 0.9 1.8 53.3 0 0 0 0.7 0.9 75 0.9 1.3 2.2 0.1 0.3 0.3 0.7 0.9 0 0 -0.9
"405" 2016 "James Young" 21 25 14 11 8 2.6 1 2.2 44.4 0.4 1.2 35.5 0.2 0.3 71.4 0.2 0.7 1 0.2 0.2 0.3 0 0.5 0 0 -0.7
"406" 2016 "Andrew Nicholson" 27 29 18 11 8.2 2.6 1.1 2.8 40 0.1 0.6 17.6 0.2 0.4 58.3 0.4 0.9 1.3 0.2 0.4 0.4 0.2 1.3 0 0 -2.4
"407" 2016 "KJ McDaniels" 24 33 22 11 7.2 2.5 1 2.3 43.4 0.3 0.9 30 0.3 0.3 90 0.2 0.8 1 0.2 0.4 0.3 0.2 0.8 0 0 -0.7
"408" 2016 "Mike Scott" 28 18 7 11 10.8 2.5 0.9 3.3 28.8 0.2 1.5 14.8 0.4 0.4 87.5 0.6 1.5 2.1 0.9 0.4 0.2 0.2 0.7 0 0 -2.3
"409" 2016 "Chris McCullough" 22 15 1 14 4.9 2.4 1.1 2.1 51.6 0.1 0.4 16.7 0.2 0.3 60 0.6 0.5 1.1 0.1 0.1 0.1 0.1 0.5 0 0 2.9
"410" 2016 "Rakeem Christmas" 25 13 5 8 7.7 2.4 0.8 1.6 52.4 0 0 0 0.7 0.8 81.8 1.1 1.2 2.2 0.2 0.5 0.1 0.4 1.5 0 0 1.2
"411" 2016 "David Nwaba" 24 3 0 3 11.5 2.3 0.7 1 66.7 0 0 0 1 1.3 75 0 1.3 1.3 0 0 0 0.3 1 0 0 4.3
"412" 2016 "Chris Andersen" 38 12 8 4 9.5 2.3 0.8 1.8 40.9 0 0.3 0 0.8 1.2 71.4 0.8 1.8 2.6 0.4 0.4 0.4 0.6 1.7 0 0 0.7
"413" 2016 "Greivis Vasquez" 30 3 1 2 12.9 2.3 0.7 2.7 25 0.3 1 33.3 0.7 1 66.7 0 0.7 0.7 1.7 0.3 0.3 0.3 2 0 0 -4.3
"414" 2016 "Joe Young" 24 27 13 14 4.6 2.3 0.9 2.5 35.8 0.2 0.9 21.7 0.3 0.5 69.2 0 0.5 0.5 0.5 0.1 0.1 0 0.2 0 0 -1.7
"415" 2016 "Jake Layman" 23 25 9 16 6.2 2.3 0.8 2.3 33.3 0.4 1.6 25.6 0.4 0.5 69.2 0.1 0.5 0.6 0.3 0.2 0.2 0.1 0.6 0 0 0.9
"416" 2016 "Sasha Vujacic" 32 30 10 20 7.8 2.3 0.7 2.2 32.8 0.4 1.3 30.8 0.4 0.5 80 0.1 1 1.1 0.8 0.3 0.3 0.1 0.8 0 0 0.5
"417" 2016 "Jakob Poeltl" 21 36 24 12 10 2.1 0.8 1.7 50 0 0 0 0.4 0.8 53.3 1.2 1.4 2.6 0.3 0.4 0.3 0.3 1.9 0 0 -0.8
"418" 2016 "Kyle Singler" 28 28 13 15 10.2 2.1 0.8 2 40 0.2 0.9 23.1 0.3 0.4 81.8 0.1 1 1.1 0.2 0.4 0.1 0.1 0.8 0 0 0.4
"419" 2016 "Raul Neto" 24 32 20 12 7.4 2.1 0.9 1.9 45.2 0.2 0.7 27.3 0.2 0.2 83.3 0 0.6 0.7 0.7 0.4 0.4 0 1 0 0 1.3
"420" 2016 "Maurice Ndour" 24 22 6 16 6.8 2.1 0.8 1.8 45 0 0.2 20 0.4 0.5 90 0.4 0.9 1.3 0 0.2 0.4 0.1 0.8 0 0 0.1
"421" 2016 "Udonis Haslem" 36 15 5 10 8.6 2.1 0.7 1.5 50 0 0.1 0 0.6 1 60 0.5 1.8 2.3 0.4 0.5 0.4 0.1 1.4 0 0 -4.3
"422" 2016 "Tyler Ennis" 22 35 22 13 6.6 2 0.9 2.2 38.5 0.3 0.6 40.9 0.1 0.1 66.7 0.2 0.5 0.7 1.1 0.7 0.3 0 0.9 0 0 -1.3
"423" 2016 "Gary Neal" 32 2 1 1 9.2 2 0 3.5 0 0 1 0 2 2 100 0 0.5 0.5 0.5 0 0 0 0.5 0 0 -2.5
"424" 2016 "Jordan Hill" 29 5 2 3 7.9 2 0.8 2.2 36.4 0 0 0 0.4 0.4 100 1.4 1.2 2.6 0 0.6 0.2 0 1.8 0 0 1.2
"425" 2016 "Demetrius Jackson" 22 5 1 4 3.4 2 0.6 0.8 75 0.2 0.2 100 0.6 1.2 50 0.4 0.4 0.8 0.6 0 0 0 0 0 0 0.2
"426" 2016 "Edy Tavares" 24 1 1 0 3.6 2 1 1 100 0 0 0 0 2 0 0 1 1 0 0 0 0 0 0 0 6
"427" 2016 "Damjan Rudez" 30 37 11 26 7.4 1.9 0.7 1.9 36.6 0.5 1.5 34.5 0 0 0 0.1 0.5 0.6 0.5 0.2 0.3 0 0.8 0 0 -1.4
"428" 2016 "Christian Wood" 21 7 3 4 8 1.9 0.6 1.6 36.4 0 0.7 0 0.7 0.9 83.3 0.9 1.4 2.3 0.3 0.3 0.1 0.6 0.9 0 0 1.3
"429" 2016 "Deyonta Davis" 20 28 18 10 6.8 1.9 0.8 1.4 52.5 0 0 0 0.4 0.6 55.6 0.6 1.3 1.9 0.1 0.3 0 0.5 1.1 0 0 -0.3
"430" 2016 "Lamar Patterson" 25 5 1 4 8.1 1.8 0.6 3 20 0.2 1.2 16.7 0.4 0.6 66.7 0.2 1.2 1.4 1.2 0.8 0.2 0 1.2 0 0 2.6
"431" 2016 "Pat Connaughton" 24 29 11 18 7.2 1.8 0.7 1.3 48.7 0.2 0.6 43.8 0.2 0.3 77.8 0.3 0.8 1.1 0.6 0.3 0.1 0.1 0.5 0 0 0.2
"432" 2016 "John Jenkins" 26 4 0 4 3.2 1.8 0.5 1.3 40 0.3 0.5 50 0.5 0.5 100 0 0.3 0.3 0.3 0 0 0 0 0 0 2.3
"433" 2016 "Briante Weber" 24 8 6 2 5.9 1.8 0.6 1.8 35.7 0 0.4 0 0.5 0.6 80 0 0.5 0.5 0.6 0.4 0.4 0.1 0.5 0 0 -2
"434" 2016 "Jordan Mickey" 22 21 8 13 6.4 1.7 0.7 1.6 45.5 0 0 0 0.3 0.5 60 0.6 0.9 1.5 0.3 0.4 0.1 0.2 0.6 0 0 -2.4
"435" 2016 "Nicolas Brussino" 24 40 13 27 6.8 1.7 0.6 1.6 36.9 0.3 1.1 29.5 0.2 0.2 66.7 0.3 0.9 1.2 0.7 0.3 0.3 0.1 0.6 0 0 -0.8
"436" 2016 "Cole Aldrich" 28 55 22 33 8.8 1.7 0.7 1.3 52.7 0 0 0 0.3 0.4 66.7 0.9 1.8 2.7 0.5 0.3 0.4 0.4 1.5 1 0 -0.8
"437" 2016 "Jarnell Stokes" 23 2 0 2 3.3 1.5 0.5 0.5 100 0 0 0 0.5 1 50 0.5 0.5 1 1 0 0.5 0 1.5 0 0 0
"438" 2016 "Henry Ellenson" 20 14 6 8 4 1.5 0.6 1.6 34.8 0.3 1 28.6 0.1 0.1 100 0.1 0.7 0.9 0.3 0.4 0 0 0.2 0 0 -1.1
"439" 2016 "Tim Quarterman" 22 13 4 9 3.4 1.5 0.6 1 61.5 0.2 0.5 50 0 0 0 0.2 0.3 0.5 0.6 0.3 0.1 0.2 0.3 0 0 0.8
"440" 2016 "Diamond Stone" 20 7 6 1 3.5 1.4 0.4 1.9 23.1 0 0 0 0.6 0.6 100 0.1 0.7 0.9 0 0.3 0 0.1 0.7 0 0 -3.9
"441" 2016 "AJ Hammons" 24 17 3 14 4.5 1.4 0.5 1.3 40.9 0.2 0.4 66.7 0.1 0.6 20 0.3 0.9 1.2 0.1 0.2 0 0.4 0.6 0 0 1.8
"442" 2016 "Damian Jones" 21 8 6 2 5.7 1.4 0.5 0.9 57.1 0 0 0 0.4 0.8 50 0.8 0.6 1.4 0 0.6 0.1 0.3 1.1 0 0 -1.6
"443" 2016 "Treveon Graham" 23 20 8 12 5.7 1.3 0.4 0.9 38.9 0.3 0.4 62.5 0.4 0.5 70 0.1 0.7 0.8 0.3 0.1 0.1 0 0.7 0 0 -0.2
"444" 2016 "Anderson Varejao" 34 14 12 2 6.6 1.3 0.4 1 35.7 0 0 0 0.6 0.8 72.7 0.9 1.1 1.9 0.7 0.6 0.2 0.2 1.1 0 0 -2.1
"445" 2016 "Bryn Forbes" 23 20 15 5 4.7 1.3 0.5 1.4 35.7 0.2 0.7 28.6 0.1 0.1 100 0.1 0.4 0.4 0.2 0 0.1 0 0.5 0 0 -2
"446" 2016 "Mike Miller" 37 16 6 10 5.3 1.3 0.4 0.9 42.9 0.4 0.8 50 0.1 0.1 100 0.1 1.1 1.2 0.8 0.6 0.1 0 0.4 0 0 -1.6
"447" 2016 "Joel Anthony" 34 10 8 2 5.6 1.2 0.5 0.8 62.5 0 0 0 0.2 0.2 100 0.6 1 1.6 0.1 0.1 0.1 0.2 0.4 0 0 -0.7
"448" 2016 "Nick Collison" 36 14 5 9 5.8 1.1 0.4 0.7 60 0 0 0 0.3 0.5 57.1 0.3 0.8 1.1 0.6 0.3 0.1 0.1 0.6 0 0 -0.1
"449" 2016 "Kyle Wiltjer" 24 9 8 1 3.3 1.1 0.3 1.1 30 0.3 1.1 30 0.1 0.2 50 0.3 0.4 0.8 0 0.3 0 0.1 0.3 0 0 -3.1
"450" 2016 "Marshall Plumlee" 24 10 4 6 6.8 1.1 0.3 0.6 50 0 0 0 0.5 0.8 62.5 0.9 0.9 1.8 0.4 0.4 0.1 0.2 1.2 0 0 -0.3
"451" 2016 "Stephen Zimmerman" 20 11 4 7 3.9 1.1 0.5 1.3 42.9 0 0 0 0 0.1 0 0.4 1.2 1.5 0.2 0.1 0.1 0.1 0.2 0 0 -0.4
"452" 2016 "Bobby Brown" 32 19 14 5 2.9 1.1 0.4 1.6 26.7 0.2 0.8 26.7 0 0 0 0 0.3 0.3 0.1 0.1 0 0 0.1 0 0 -1.7
"453" 2016 "Ryan Kelly" 25 10 4 6 5 1 0.3 1 30 0.2 0.5 40 0.2 0.2 100 0 1 1 0.5 0.2 0.4 0.2 0.3 0 0 1.3
"454" 2016 "Georgios Papagiannis" 19 6 1 5 4.3 1 0.5 0.7 75 0 0 0 0 0 0 0.2 0.7 0.8 0 0.2 0 0.2 0.5 0 0 3.2
"455" 2016 "Metta World Peace" 37 18 4 14 4.5 1 0.3 1.6 21.4 0.1 0.9 12.5 0.2 0.4 50 0.2 0.3 0.5 0.3 0.2 0.2 0.1 0.7 0 0 -3.7
"456" 2016 "Mike Tobey" 22 2 0 2 12.6 1 0.5 2 25 0 0 0 0 0 0 1 0.5 1.5 0.5 0.5 0 0 1 0 0 -8.5
"457" 2016 "Georges Niang" 23 22 11 11 4.1 1 0.4 1.6 25 0 0.5 8.3 0.1 0.1 100 0.1 0.6 0.7 0.2 0.2 0.1 0 0.3 0 0 -0.1
"458" 2016 "CJ Wilcox" 26 17 7 10 4.6 0.9 0.4 1.1 31.6 0.1 0.8 15.4 0.1 0.1 100 0.1 0.4 0.5 0.5 0.3 0.1 0.1 0.3 0 0 -0.5
"459" 2016 "Daniel Ochefu" 23 15 10 5 3.3 0.9 0.5 1.1 43.8 0 0 0 0 0.1 0 0.1 0.9 1 0.1 0.2 0.1 0 0.9 0 0 -1.7
"460" 2016 "Joel Bolomboy" 23 9 6 3 2.3 0.9 0.3 0.6 60 0 0.1 0 0.2 0.4 50 0.1 1 1.1 0.1 0.1 0.1 0.1 0.1 0 0 -0.2
"461" 2016 "Alonzo Gee" 29 13 4 9 6.9 0.8 0.2 1.1 21.4 0 0.2 0 0.4 0.7 55.6 0.3 0.8 1.1 0.5 0.3 0.4 0.1 1.1 0 0 -1.4
"462" 2016 "Ronnie Price" 33 4 2 2 2.5 0.8 0.3 0.3 100 0.3 0.3 100 0 0 0 0 0 0 0 0.3 0.5 0 0 0 0 -0.5
"463" 2016 "Steve Novak" 33 8 6 2 2.7 0.6 0.3 0.9 28.6 0.1 0.8 16.7 0 0 0 0 0.4 0.4 0 0 0 0 0.1 0 0 0
"464" 2016 "Arinze Onuaku" 29 8 3 5 3.5 0.5 0.3 0.5 50 0 0 0 0 0 0 0.3 0.5 0.8 0.3 0.3 0 0.1 0.4 0 0 -1.9
"465" 2016 "Michael Gbinije" 24 9 7 2 3.5 0.4 0.1 1.1 10 0 0.4 0 0.2 0.2 100 0.2 0.1 0.3 0.2 0 0 0 0.2 0 0 -0.3
"466" 2016 "John Lucas III" 34 5 3 2 2.1 0.4 0.2 0.8 25 0 0.2 0 0 0 0 0 0 0 0.2 0 0.4 0 0 0 0 2.4
"467" 2016 "Bruno Caboclo" 21 8 7 1 2.9 0.4 0.1 0.6 20 0.1 0.4 33.3 0 0 0 0.4 0.4 0.8 0.4 0.3 0.3 0 0.4 0 0 0.5
"468" 2016 "Aaron Harrison" 22 5 2 3 3.3 0.2 0 0.8 0 0 0.4 0 0.2 0.4 50 0 0.6 0.6 0.6 0 0 0 0.4 0 0 -1
"469" 2016 "Axel Toupane" 24 2 1 1 3 0 0 0.5 0 0 0.5 0 0 0 0 0 0 0 0 0 0 0 0.5 0 0 -4.5
"470" 2016 "Brice Johnson" 22 1 0 1 2.9 0 0 1 0 0 0 0 0 0 0 1 1 2 0 1 0 0 0 0 0 9
"471" 2016 "Ben Bentil" 21 2 1 1 3.5 0 0 0 0 0 0 0 0 0 0 0 1 1 0 0.5 0 0 0.5 0 0 -1
"472" 2016 "Danuel House" 23 1 0 1 0.8 0 0 0 0 0 0 0 0 0 0 0 1 1 0 0 0 0 0 0 0 0
"473" 2016 "RJ Hunter" 23 3 2 1 3.1 0 0 0.3 0 0 0.3 0 0 0 0 0 0.3 0.3 0 0 0 0 0 0 0 -3.3
